0.001 0.10777767160556095
0.011 0.10600825959596705
0.020999999999999998 0.10046677634599632
0.030999999999999996 0.09190241040727187
0.040999999999999995 0.08155114892664983
0.05099999999999999 0.07055068709183843
0.06099999999999999 0.05978802264468186
0.071 0.04988324929510668
0.08099999999999999 0.04122248896348424
0.09099999999999998 0.034005407446443314
0.10099999999999998 0.028292656400338956
0.11099999999999999 0.024047360883145075
0.12099999999999998 0.02116885982204053
0.13099999999999998 0.019518795086924
0.141 0.018940447676101257
0.15099999999999997 0.019272480567053663
0.16099999999999998 0.020358245379782147
0.17099999999999999 0.022051689541342512
0.18099999999999997 0.02422073798439328
0.19099999999999998 0.02674885693383544
0.20099999999999996 0.029535355182503054
0.21099999999999997 0.03249484757219534
0.22099999999999997 0.03555619763324103
0.23099999999999996 0.038661170067939565
0.24099999999999996 0.041762956343518454
0.25099999999999995 0.04482468507251269
0.26099999999999995 0.047817990170074154
0.27099999999999996 0.05072168135413335
0.28099999999999997 0.05352054114314342
0.291 0.05620425823366304
0.30099999999999993 0.0587664974941049
0.31099999999999994 0.061204100590288135
0.32099999999999995 0.06351640752870935
0.33099999999999996 0.06570468743996116
0.34099999999999997 0.06777166618857677
0.3509999999999999 0.06972113847550077
0.36099999999999993 0.07155765270539405
0.37099999999999994 0.07328625779669551
0.38099999999999995 0.07491230218164446
0.39099999999999996 0.07644127635853692
0.4009999999999999 0.07787869146019943
0.4109999999999999 0.0792299873471336
0.42099999999999993 0.08050046468616756
0.43099999999999994 0.08169523634163056
0.44099999999999995 0.08281919416504024
0.45099999999999996 0.08387698793208642
0.4609999999999999 0.0848730137500695
0.4709999999999999 0.08581140974473556
0.4809999999999999 0.08669605724867324
0.49099999999999994 0.08753058606006903
0.5009999999999999 0.08831838262642577
0.5109999999999999 0.08906260024983226
0.5209999999999999 0.08976617060022818
0.5309999999999999 0.09043181598926253
0.5409999999999999 0.09106206198012501
0.5509999999999999 0.0916592500187221
0.5609999999999999 0.09222554984950193
0.571 0.09276297154931967
0.581 0.09327337706278627
0.5909999999999999 0.09375849116227641
0.6009999999999999 0.09421991178973599
0.6109999999999999 0.09465911975780728
0.6209999999999999 0.09507748780796987
0.6309999999999999 0.09547628903644068
0.6409999999999999 0.0958567047057386
0.6509999999999999 0.09621983146888624
0.6609999999999999 0.09656668803583557
0.6709999999999999 0.09689822131463188
0.6809999999999999 0.09721531206051282
0.691 0.09751878006750303
0.7009999999999998 0.09780938893445068
0.7109999999999999 0.09808785043856005
0.7209999999999999 0.09835482854694533
0.7309999999999999 0.09861094309425766
0.7409999999999999 0.09885677315546104
0.7509999999999999 0.0990928601370058
0.7609999999999999 0.09931971061263312
0.7709999999999999 0.0995377989230235
0.7809999999999999 0.0997475695616572
0.7909999999999999 0.09994943936425216
0.8009999999999998 0.10014379951888941
0.8109999999999998 0.10033101741285577
0.8209999999999998 0.10051143833044307
0.8309999999999998 0.10068538701349894
0.8409999999999999 0.10085316909834319
0.8509999999999999 0.10101507243882679
0.8609999999999999 0.10117136832499796
0.8709999999999999 0.10132231260743652
0.8809999999999999 0.1014681467339642
0.8909999999999999 0.10160909870796786
0.9009999999999999 0.10174538397279775
0.9109999999999998 0.10187720623048335
0.9209999999999998 0.10200475819911503
0.9309999999999998 0.102128222313695
0.9409999999999998 0.10224777137673868
0.9509999999999998 0.10236356916033174
0.9609999999999999 0.10247577096637883
0.9709999999999999 0.10258452414547037
0.9809999999999999 0.10268996858030732
0.9909999999999999 0.10279223713459373
1.0 0.10288166794174458
1.1 0.10373232608048966
1.2000000000000002 0.10437932175543096
1.3000000000000003 0.1048828365661052
1.4000000000000004 0.10528236015849757
1.5000000000000004 0.10560467540597074
1.6000000000000005 0.10586846681815132
1.7000000000000006 0.10608709068631583
1.8000000000000007 0.10627029961443668
1.9000000000000008 0.1064253493230467
2.000000000000001 0.10655772824992482
2.100000000000001 0.10667165001845547
2.200000000000001 0.10677039293412349
2.300000000000001 0.10685653849884602
2.4000000000000012 0.10693214186721889
2.5000000000000013 0.10699885556627464
2.6000000000000014 0.10705802057123037
2.7000000000000015 0.10711073422109507
2.8000000000000016 0.10715790146940662
2.9000000000000017 0.10720027398420484
3.0000000000000018 0.10723848028129623
3.100000000000002 0.10727304916699154
3.200000000000002 0.10730442813434138
3.300000000000002 0.10733299791871787
3.400000000000002 0.1073590841013754
3.500000000000002 0.1073829664267123
3.6000000000000023 0.10740488633342693
3.7000000000000024 0.10742505308056138
3.8000000000000025 0.10744364876052259
3.9000000000000026 0.10746083242409554
4.000000000000003 0.10747674349224212
4.100000000000003 0.10749150459369616
4.200000000000003 0.1075052239343961
4.3000000000000025 0.10751799728623723
4.400000000000003 0.10752990966327047
4.5000000000000036 0.10754103673966142
4.600000000000003 0.10755144605445821
4.700000000000003 0.10756119803914999
4.800000000000003 0.107570346896523
4.900000000000004 0.10757894135542756
5.0000000000000036 0.1075870253212372
5.100000000000003 0.10759463843737649
5.200000000000004 0.10760181657249746
5.300000000000004 0.10760859224356523
5.400000000000004 0.10761499498491389
5.5000000000000036 0.10762105167066238
5.600000000000004 0.10762678679697046
5.700000000000005 0.10763222273027395
5.800000000000004 0.1076373799256487
5.900000000000004 0.10764227711948138
