0.001 0.4997500000208333 0.4997500000208333 0.4997500000208333 0.4997500000208333
0.011 0.49725002772883115 0.49725002772883115 0.49725002772883115 0.49725002772883115
0.020999999999999998 0.4947501929289918 0.4947501929289918 0.4947501929289918 0.4947501929289918
0.030999999999999996 0.49225062058619506 0.49225062058619506 0.49225062058619506 0.49225062058619506
0.040999999999999995 0.4897514356128406 0.4897514356128406 0.4897514356128406 0.4897514356128406
0.05099999999999999 0.4872527628438865 0.4872527628438865 0.4872527628438865 0.4872527628438867
0.06099999999999999 0.4847547270119201 0.4847547270119201 0.4847547270119204 0.4847547270407396
0.071 0.4822574527226743 0.48225745272284026 0.48225745272875814 0.482259715959781
0.08099999999999999 0.4797610646319692 0.4797610646936312 0.4797610660501239 0.4797651031227314
0.09099999999999998 0.4772684695072905 0.4772685365398921 0.4772690806812825 0.47727242851537044
0.10099999999999998 0.47477566254478065 0.4747757751788055 0.47477668077295226 0.4747821171805027
0.11099999999999999 0.4722846075793798 0.47228478771327725 0.47228622257366804 0.47229464418326494
0.12099999999999998 0.46979552915513373 0.4697958056936245 0.46979798854138116 0.4698105360124636
0.13099999999999998 0.4673086604204073 0.4673090705867056 0.4673122796406085 0.46733037148138135
0.141 0.4648242429091134 0.46482483364946503 0.4648294156050523 0.46485478209648246
0.15099999999999997 0.4623425262994952 0.4623433557729785 0.46234973509970295 0.46238445186177324
0.16099999999999998 0.4598637681500276 0.4598649072958461 0.4598735957775785 0.45992011648896725
0.17099999999999999 0.457388233612139 0.4573897677859201 0.4574013742263489 0.4574625619888303
0.18099999999999997 0.45491619511961995 0.45491822578953683 0.4549334658003941 0.4550126226269787
0.19099999999999998 0.4524479320547523 0.4524505785476125 0.45247028433432973 0.4525711782376591
0.20099999999999996 0.44998373039136236 0.4499871316781776 0.45001226173470504 0.4501391509012762
0.21099999999999997 0.447523882315185 0.4475281988251567 0.4475598474474348 0.4477175010051586
0.22099999999999997 0.44506868582211284 0.4450741012734534 0.44511350779955117 0.4453072227216299
0.23099999999999996 0.4426184442950869 0.4426251675306613 0.4426737252150402 0.4429093389522012
0.24099999999999996 0.4401734660605731 0.44018173287599527 0.4402409973058378 0.44052489580087023
0.25099999999999995 0.4377340639257568 0.4377441388773258 0.4378158358404815 0.4381549566523829
0.26099999999999995 0.4353005546977609 0.43531273287747907 0.43539876559440277 0.4358005959421985
0.27099999999999996 0.43287325868636856 0.43288786745125607 0.43299032308738 0.4334628927132479
0.28099999999999997 0.4304524991918899 0.4304698998349027 0.4305910552152033 0.43114292405997556
0.291 0.42803860197996463 0.42805919133003956 0.4282015177840999 0.42884175856236834
0.30099999999999993 0.42563189474522267 0.4256561066843155 0.42582227395788197 0.4265604498116527
0.31099999999999994 0.42323270656584616 0.42326101345129463 0.42345389262907845 0.42430003012523293
0.32099999999999995 0.4208413673511715 0.42087428133230276 0.4210969467264548 0.4220615045415109
0.33099999999999996 0.41845820728455513 0.41849628150316137 0.41875201147228575 0.41984584517594264
0.34099999999999997 0.41608355626377785 0.4161273859288934 0.41641966260348673 0.41765398600851
0.3509999999999999 0.4137177433413056 0.41376796666963067 0.41410047457123195 0.41548681816032307
0.36099999999999993 0.41136109616673416 0.4114183951810459 0.4117950187339511 0.4133451857038626
0.37099999999999994 0.4090139404337396 0.4090790416127037 0.40950386155862384 0.4112298820379855
0.38099999999999995 0.40667659933382544 0.40675027410775055 0.4072275628450657 0.40914164684572407
0.39099999999999996 0.40434939301910605 0.4044324581073622 0.40496667398744035 0.40708116364054675
0.4009999999999999 0.40203263807629563 0.4021259556633212 0.4027217362865547 0.40504905789543083
0.4109999999999999 0.39972664701397814 0.39983112476202015 0.40049327932561724 0.4030458957390755
0.42099999999999993 0.3974317277651306 0.39754831866308155 0.3982818194210909 0.40107218319501614
0.43099999999999994 0.39514818320674494 0.39527788525563834 0.3960878581590853 0.399128365932347
0.44099999999999995 0.39287631069825824 0.3930201664351549 0.3939118810264317 0.39721482949124814
0.45099999999999996 0.39061640164035155 0.39077549750347335 0.39175435614420706 0.3953318999424629
0.4609999999999999 0.3883687410555235 0.38854420659455824 0.3896157331100544 0.3934798449372187
0.4709999999999999 0.38613360719167306 0.38632661412817487 0.3874964419542023 0.3916588751026608
0.4809999999999999 0.38391127114976487 0.38412303229349704 0.38539689221267165 0.3898691457375671
0.49099999999999994 0.38170199653647124 0.3819337645643775 0.383317472119764 0.3881107587637319
0.5009999999999999 0.3795060391425156 0.37975910524775525 0.3812585479206102 0.3863837648898189
0.5109999999999999 0.37732364664726914 0.37759933906640575 0.3792204633033119 0.38468816594650646
0.5209999999999999 0.3751550583499849 0.3754547407769755 0.3772035389490642 0.383023917354255
0.5309999999999999 0.3730005049278898 0.373325574823981 0.37520807219760977 0.38139093068786256
0.5409999999999999 0.3708602082211947 0.37121209503019514 0.373234336824447 0.3797890763050349
0.5509999999999999 0.36873438104298617 0.3691145443236008 0.37128258292541727 0.37821818600937657
0.5609999999999999 0.3666232270274321 0.36703315450085494 0.36935303690360777 0.3766780557214103
0.571 0.3645269404749477 0.364968146026985 0.36744590155294804 0.37516844813439776
0.581 0.3624457062621617 0.36291972787083643 0.3655613562324304 0.3736890953347987
0.5909999999999999 0.3603796997477637 0.36088809737313027 0.3636995571245505 0.37223970137012474
0.6009999999999999 0.35832908671453134 0.35887344016353523 0.36186063757133496 0.37081994474969204
0.6109999999999999 0.35629402333308924 0.3568759300740066 0.36004470848118864 0.3694294808663244
0.6209999999999999 0.35427465614848597 0.3548957291334916 0.35825185879974947 0.36806794432939954
0.6309999999999999 0.35227112208866107 0.3529329875565036 0.35648215603797134 0.36673495120175514
0.6409999999999999 0.35028354849381227 0.3509878437759463 0.3547356468507582 0.3654301011348773
0.6509999999999999 0.3483120531656322 0.3490604245014952 0.3530123576596356 0.36415297939849534
0.6609999999999999 0.34635674443534076 0.3471508448044851 0.35131229531315566 0.36290315880219504
0.6709999999999999 0.34441772124942094 0.34525920822773926 0.3496354477789919 0.3616802015079707
0.6809999999999999 0.34249507327193957 0.34338560691873676 0.34798178486196374 0.36048366073374993
0.691 0.34058888100233076 0.3415301217844922 0.3463512589425473 0.3593130823488841
0.7009999999999998 0.33869921590751484 0.3396928226665131 0.34474380573076424 0.35816800636339696
0.7109999999999999 0.33682614056723237 0.3378737685342009 0.34315934503068257 0.35704796831344554
0.7209999999999999 0.33496970883148286 0.3360730076950778 0.34159778151112197 0.35595250054598737
0.7309999999999999 0.3331299659889761 0.3342905780202391 0.3400590054785053 0.35488113340607164
0.7409999999999999 0.33130694894552604 0.33252650718346943 0.3385428936481573 0.3538333963305027
0.7509999999999999 0.32950068641134367 0.3307808129124939 0.3370493099106914 0.35280881885186294
0.7609999999999999 0.327711199096217 0.3290535032508859 0.3355781060904708 0.3518069315170498
0.7709999999999999 0.32593849991159773 0.327344576829201 0.33412912269344924 0.35082726672458925
0.7809999999999999 0.3241825941786553 0.325654023143966 0.3327021896420153 0.3498693594849764
0.7909999999999999 0.3224434798413925 0.3239818228432081 0.3312971269947569 0.34893274810849484
0.8009999999999998 0.320721147683962 0.3223279480172748 0.3299137456493486 0.34801697482457006
0.8109999999999998 0.31901558155136306 0.3206923624937595 0.32855184802702486 0.34712158633700113
0.8209999999999998 0.31732675857274 0.31907502213541117 0.3272112287373511 0.3462461343191262
0.8309999999999998 0.31565464938654914 0.3174758751399784 0.3258916752222338 0.34539017585271753
0.8409999999999999 0.3139992183669028 0.3158948623410001 0.32459296837832213 0.3445532738150775
0.8509999999999999 0.312360423850444 0.31433191750862727 0.3233148831571486 0.3437349972167921
0.8609999999999999 0.31073821836314586 0.31278696764962116 0.3220571891425326 0.3429349214951681
0.8709999999999999 0.30913254884647634 0.3112599333057439 0.3208196511049338 0.3421526287655638
0.8809999999999999 0.3075433568824056 0.3097507288498157 0.319602029532587 0.34138770803438007
0.8909999999999999 0.3059705789167777 0.30825926277878 0.31840408113938024 0.3406397553765909
0.9009999999999999 0.3044141464806062 0.30678543800317404 0.3172255593495558 0.33990837408070357
0.9109999999999998 0.3028739864088911 0.3053291521324608 0.3160662147594155 0.3391931747638531
0.9209999999999998 0.3013500210565914 0.303890297755736 0.31492579557630296 0.3384937754595763
0.9309999999999998 0.2998421685114244 0.30246876271737383 0.313804048035216 0.33780980168099495
0.9409999999999998 0.2983503428031944 0.3010644303872276 0.31270071679346717 0.3371408864592466
0.9509999999999998 0.29687445410938607 0.2996771799250476 0.3116155453038717 0.3364866703664412
0.9609999999999999 0.2954144089567908 0.2983068865388259 0.31054827616699016 0.3358468015131094
0.9709999999999999 0.2939701104189599 0.2969534217368185 0.30949865146299393 0.33522093553393884
0.9809999999999999 0.2925414583093085 0.29561665357303585 0.3084664130637531 0.3346087355562928
0.9909999999999999 0.2911283493697175 0.29429644688603007 0.30745130292577477 0.33400987215547145
1.001 0.28973067745450864 0.2929926635308432 0.30645306336463896 0.333424023297823
1.0109999999999997 0.2883483337096866 0.2917051626040108 0.3054714373115903 0.3328508742730404
1.0209999999999997 0.2869812067473657 0.29043380066154756 0.30450616855295914 0.3322901176168826
1.0309999999999997 0.2856291828153178 0.28917843192986775 0.303557001953083 0.33174145302545816
1.0409999999999997 0.28429214596159563 0.2879389085096199 0.3026236836614057 0.3312045872621202
1.0509999999999997 0.28296997819420455 0.2867150805724364 0.3017059613044209 0.3306792340579362
1.0609999999999997 0.28166255963580894 0.2855067965506231 0.3008035841631559 0.3301651140066167
1.0709999999999997 0.2803697686734753 0.28431390331982925 0.29991630333679675 0.3296619544547122
1.0809999999999997 0.27909148210346724 0.28313624637475965 0.29904387189315584 0.32916948938782
1.0909999999999997 0.27782757527111834 0.2819736699980022 0.2981860450065906 0.32868745931347415
1.1009999999999998 0.2765779222058219 0.28082601742206315 0.29734258008401004 0.32821561114133835
1.1109999999999998 0.27534239575118286 0.27969313098470855 0.29651323687949543 0.3277536980612583
1.1209999999999998 0.27412086769039007 0.2785748522777271 0.2956977775983635 0.3273014794196849
1.1309999999999998 0.2729132088668726 0.27747102228923604 0.2948959669909477 0.3268587205949278
1.1409999999999998 0.27171928930031014 0.2763814815396599 0.2941075724365334 0.3264251928716567
1.1509999999999998 0.2705389782980766 0.27530607021152104 0.2933323640188212 0.3260006733150257
1.1609999999999998 0.26937214456219827 0.2742446282731841 0.2925701145922796 0.32558494464475907
1.1709999999999998 0.26821865629191477 0.27319699559670474 0.2918205998406791 0.325177795109502
1.1809999999999996 0.26707838128193434 0.27216301206993443 0.29108359832799635 0.3247790183617073
1.1909999999999996 0.2659511870164784 0.2711425177030366 0.2903588915421894 0.3243884133333006
1.2009999999999996 0.2648369407592129 0.27013535272957323 0.28964626393228143 0.32400578411233777
1.2109999999999996 0.26373550963916675 0.2691413577023216 0.2889455029391717 0.3236309398208467
1.2209999999999996 0.26264676073274024 0.2681603735839816 0.28825639902057454 0.323263694494018
1.2309999999999997 0.2615705611419052 0.2671922418329352 0.28757874567046926 0.3229038669608946
1.2409999999999997 0.2605067780687026 0.26623680448421916 0.28691233943342354 0.3225512807266844
1.2509999999999997 0.25945527888614167 0.2652939042258705 0.28625697991423055 0.3222057638568082
1.2609999999999997 0.25841593120560613 0.26436338447080576 0.2856124697825496 0.3218671488627767
1.2709999999999997 0.2573886029408725 0.2634450894243899 0.28497861477478115 0.3215352725899758
1.2809999999999997 0.2563731623688453 0.2625388641478523 0.28435522369027977 0.3212099761074284
1.2909999999999997 0.25536947818711236 0.261644554617703 0.28374210838538094 0.32089110459958525
1.3009999999999997 0.2543774195684256 0.2607620077813005 0.2831390837635933 0.3205785072601909
1.3109999999999997 0.2533968562122065 0.2598910716087201 0.28254596776284807 0.32027203718825753
1.3209999999999997 0.25242765839318004 0.2590315951410691 0.2819625813399535 0.31997155128617316
1.3309999999999997 0.25146969700723454 0.25818342853538995 0.28138874845248074 0.31967691015996
1.3409999999999997 0.25052284361460686 0.2573464231062941 0.2808242960382953 0.3193879780216952
1.3509999999999998 0.24958697048048742 0.2565204313644589 0.2802690539929332 0.31910462259409506
1.3609999999999998 0.248661950613143 0.25570530705215033 0.27972285514501555 0.3188267150172641
1.3709999999999998 0.2477476577996447 0.2549009051757419 0.27918553522987466 0.31855412975759817
1.3809999999999998 0.24684396663929722 0.2541070820357504 0.27865693286156507 0.3182867445188323
1.3909999999999996 0.2459507525748545 0.25332369525398857 0.27813688950341386 0.3180244401552169
1.4009999999999996 0.24506789192160927 0.2525506037983391 0.27762524943725964 0.3177671005868019
1.4109999999999996 0.2441952618944418 0.2517876680051152 0.2771218597315196 0.317514612716808
1.4209999999999996 0.24333274063290897 0.25103474959914285 0.27662657021477743 0.3172668663510573
1.4309999999999996 0.2424802072244547 0.2502917117116734 0.27613923340907326 0.31702375411943834
1.4409999999999996 0.24163754172582377 0.2495584188962307 0.27565970456083305 0.31678517139937357
1.4509999999999996 0.2408046251827208 0.24883473714249357 0.27518784153983916 0.31655101624125775
1.4609999999999996 0.23998133964788845 0.24812053388831207 0.27472350483604635 0.3163211892958362
1.4709999999999996 0.23916756819752572 0.24741567802994974 0.2742665575165136 0.3160955937434851
1.4809999999999997 0.23836319494623878 0.24672003993064495 0.27381686518847953 0.31587413522536256
1.4909999999999997 0.23756810506053802 0.24603349142751804 0.2733742959620985 0.3156567217763898
1.5009999999999997 0.2367821847709569 0.24535590583717146 0.2729387204129125 0.3154432637600293
1.5109999999999997 0.23600532138285393 0.24468715795986082 0.2725100115441291 0.3152336738048198
1.5209999999999997 0.23523740328596035 0.24402712408129357 0.27208804474876913 0.3150278667426326
1.5309999999999997 0.23447831996273014 0.24337568197518877 0.2716726977717442 0.31482575954860914
1.5409999999999997 0.23372796199555063 0.2427327109027962 0.27126385067191977 0.3146272712827432
1.5509999999999997 0.23298622107286784 0.242098091612094 0.2708613857842143 0.31443232303306945
1.5609999999999997 0.23225298999423666 0.2414717063357698 0.27046518768178185 0.3142408378604191
1.5709999999999997 0.23152816267456303 0.2408534387881932 0.27007514313832115 0.3140527407447068
1.5809999999999997 0.23081163414714415 0.24024317416144172 0.2696911410905518 0.3138679585327172
1.5909999999999997 0.2301033005660223 0.23964079912043704 0.2693130726008929 0.3136864198873352
1.6009999999999995 0.22940305920763568 0.23904620179724756 0.26894083082037834 0.3135080552382036
1.6109999999999995 0.22871080847068026 0.23845927178461007 0.26857431095183915 0.31333279673376246
1.6209999999999996 0.2280264478771526 0.23787990012872168 0.2682134102133804 0.3131605781946357
1.6309999999999996 0.22734987807082277 0.23730797932134992 0.26785802780217777 0.3129913350683521
1.6409999999999996 0.2266810008159194 0.23674340329130744 0.2675080648586167 0.31282500438522576
1.6509999999999996 0.22601971899500845 0.23618606739533615 0.26716342443079544 0.31266152471572445
1.6609999999999996 0.22536593660627027 0.23563586840844158 0.2668240114394079 0.3125008361287997
1.6709999999999996 0.22471955876020988 0.23509270451371883 0.2664897326430269 0.3123428801515185
1.6809999999999996 0.2240804916758331 0.23455647529170764 0.2661604966037973 0.31218759972981514
1.6909999999999996 0.2234486426763198 0.23402708170931363 0.26583621365355703 0.31203493919042746
1.7009999999999996 0.22282392018422553 0.23350442610832944 0.2655167958603932 0.3118848442035792
1.7109999999999996 0.2222062337162393 0.23298841219415606 0.2652021569956458 0.31173726174734473
1.7209999999999996 0.2215954938775263 0.23247894502079108 0.26489221250136596 0.3115921400724526
1.7309999999999997 0.22099161235568165 0.23197593098400587 0.26458687945823645 0.31144942866835196
1.7409999999999997 0.22039450191432075 0.23147927780291996 0.26428607655396036 0.3113090782301967
1.7509999999999997 0.21980407638633037 0.23098889450981958 0.2639897240521225 0.3111710406267678
1.7609999999999997 0.2192202506668039 0.23050469143635344 0.26369774376152777 0.31103526886930644
1.7709999999999997 0.21864294070568346 0.23002658020009492 0.263410059006019 0.3109017170812346
1.7809999999999997 0.21807206350012875 0.22955447369092563 0.2631265945947759 0.3107703404687342
1.7909999999999997 0.21750753708663406 0.22908828605726395 0.2628472767930973 0.310641095292163
1.8009999999999997 0.21694928053272305 0.22862793269215753 0.26257203329366585 0.3105139388382807
1.8109999999999997 0.2163972139295673 0.22817333021925995 0.2623007931882958 0.3103888293932638
1.8209999999999995 0.21585125838156105 0.2277243964787095 0.26203348694016226 0.3102657262164843
1.8309999999999995 0.2153113359995125 0.22728105051292796 0.26177004635651063 0.31014458951503254
1.8409999999999995 0.21477736989082297 0.22684321255235482 0.26151040456184454 0.3100253804189592
1.8509999999999995 0.21424928415065692 0.22641080400113345 0.2612544959715891 0.3099080609572191
1.8609999999999995 0.21372700385278684 0.22598374742276275 0.2610022562662266 0.3097925940345585
1.8709999999999996 0.21321045504031783 0.22556196652572852 0.2607536223659014 0.30967894340755986
1.8809999999999996 0.2126995647163045 0.22514538614912738 0.2605085324054903 0.309567073664765
1.8909999999999996 0.2121942608342724 0.22473393224829524 0.26026692571013416 0.3094569502034742
1.9009999999999996 0.21169447228865648 0.2243275318804516 0.2600287427712259 0.30934853920930816
1.9109999999999996 0.21120012890516643 0.2239261131903701 0.25979392522285033 0.30924180763613124
1.9209999999999996 0.2107111614310914 0.2235296053960866 0.2595624158186725 0.3091367231862606
1.9309999999999996 0.21022750152555253 0.22313793877465188 0.25933415840926577 0.3090332542913174
1.9409999999999996 0.20974908174971377 0.22275104464793985 0.25910909791987835 0.3089313700936144
1.9509999999999996 0.20927583555695958 0.2223688553685182 0.2588871803286296 0.3088310404280622
1.9609999999999996 0.20880769728304838 0.22199130430558944 0.2586683526451323 0.3087322358045802
1.9709999999999996 0.20834460213624945 0.22161832583100927 0.25845256288953394 0.30863492739099624
1.9809999999999997 0.2078864861874718 0.22124985530538938 0.2582397600719721 0.3085390869964221
1.9909999999999997 0.2074332863603906 0.2208858290642898 0.25802989417243677 0.3084446870550891
2.001 0.20698494042158017 0.22052618440450727 0.2578229161210346 0.3083517006106317
2.0109999999999997 0.2065413869706576 0.2201708595704649 0.25761877777864817 0.30826010130080495
2.0209999999999995 0.20610256543044536 0.2198197937407071 0.2574174319179845 0.3081698633426238
2.0309999999999997 0.20566841603715666 0.219472927014505 0.2572188322050061 0.30808096151791087
2.0409999999999995 0.20523887983061018 0.21913020039857634 0.2570229331807389 0.3079933711592421
2.0509999999999997 0.20481389864447858 0.21879155579392304 0.2568296902434505 0.3079070681362772
2.0609999999999995 0.2043934150965759 0.2184569359827904 0.25663905963119205 0.30782202884246457
2.0709999999999997 0.20397737257918774 0.21812628461575045 0.2564509984046979 0.3077382301821092
2.0809999999999995 0.203565715249449 0.21779954619891317 0.2562654644306376 0.3076556495577931
2.0909999999999997 0.2031583880197728 0.21747666608126665 0.2560824163652115 0.30757426485813827
2.1009999999999995 0.2027553365483339 0.21715759044214988 0.25590181363808706 0.3074940544459014
2.1109999999999998 0.20235650722961054 0.21684226627885914 0.25572361643666647 0.30741499715461545
2.1209999999999996 0.20196184718498733 0.21653064139439027 0.2555477856906743 0.30733707223620127
2.131 0.20157130425342232 0.21622266438531812 0.25537428305710314 0.3072602594322399
2.1409999999999996 0.2011848269821814 0.2159182846298146 0.25520307090540184 0.3071845388810653
2.1509999999999994 0.20080236461764145 0.21561745227580614 0.2550341123030402 0.30710989114849896
2.1609999999999996 0.2004238670961656 0.21532011822927202 0.25486737100135914 0.30703629720952164
2.1709999999999994 0.2000492850350524 0.2150262341426843 0.2547028114216504 0.30696373843843805
2.1809999999999996 0.19967856972356032 0.21473575240358864 0.2545403986416732 0.30689219659930467
2.1909999999999994 0.1993116731140104 0.21444862612332888 0.25438009838231174 0.30682165383661175
2.2009999999999996 0.19894854781296756 0.21416480912591307 0.25422187699458376 0.30675209266621384
2.2109999999999994 0.19858914707250297 0.21388425593702307 0.2540657014469088 0.3066834959664995
2.2209999999999996 0.19823342478153821 0.21360692177316626 0.25391153931264543 0.3066158469697956
2.2309999999999994 0.1978813354572727 0.2133327625309708 0.2537593587578911 0.30654912925399763
2.2409999999999997 0.19753283423669557 0.21306173477662238 0.25360912852954076 0.30648332673442086
2.2509999999999994 0.19718787686818223 0.2127937957354439 0.2534608179435971 0.306418423655865
2.2609999999999997 0.19684641970317776 0.2125289032816165 0.2533143968737285 0.3063544045848871
2.2709999999999995 0.19650841968796656 0.21226701592804176 0.2531698357401218 0.3062912544022766
2.2809999999999997 0.19617383435552943 0.21200809281634447 0.25302710549831753 0.30622895829572594
2.2909999999999995 0.1958426218174889 0.21175209399615091 0.2528861776287701 0.30616750175269225
2.3009999999999997 0.19551474075614264 0.21149897896969466 0.25274702412616135 0.3061068705534446
2.3109999999999995 0.1951901504165856 0.21124870957358827 0.2526096174891636 0.3060470507642905
2.3209999999999997 0.19486881059892136 0.21100124707802953 0.2524739307103786 0.3059880287309781
2.3309999999999995 0.19455068165056222 0.2107565536231713 0.25233993726648857 0.3059297910722677
2.3409999999999997 0.19423572445861903 0.21051459192081579 0.2522076111086169 0.3058723246736692
2.3509999999999995 0.1939239004423799 0.21027532524537823 0.25207692665289316 0.3058156166813392
2.3609999999999993 0.1936151715458784 0.21003871742498445 0.25194785877121795 0.30575965449613546
2.3709999999999996 0.19330950023055088 0.2098047328326998 0.25182038278222435 0.30570442576782153
2.3809999999999993 0.1930068494679829 0.20957333637788936 0.25169447444243 0.30564991838942035
2.3909999999999996 0.19270718273274443 0.20934449349770815 0.25157010993757756 0.30559612049170987
2.4009999999999994 0.19241046399531345 0.2091181701487191 0.25144726587415844 0.30554302043785964
2.4109999999999996 0.1921166577150881 0.20889433279863873 0.2513259192711159 0.30549060681820106
2.4209999999999994 0.19182572883348684 0.20867294841820855 0.25120604755172404 0.305438868445131
2.4309999999999996 0.19153764276713578 0.2084539844731908 0.2510876285356387 0.3053877943481428
2.4409999999999994 0.1912523654011432 0.20823740891648754 0.25097064043111605 0.3053373737689814
2.4509999999999996 0.19096986308246125 0.20802319018038143 0.25085506182739703 0.30528759615692147
2.4609999999999994 0.19069010261333275 0.20781129716889696 0.25074087168725057 0.30523845116416076
2.4709999999999996 0.19041305124482488 0.2076016992502805 0.2506280493396764 0.30518992864133043
2.4809999999999994 0.19013867667044693 0.20739436624959812 0.2505165744727607 0.30514201863311535
2.4909999999999997 0.18986694701985285 0.20718926844144953 0.2504064271266824 0.3050947113739838
2.5009999999999994 0.1895978308526276 0.20698637654279645 0.2502975876869403 0.305047997284022
2.5109999999999997 0.18933129715215707 0.20678566170590462 0.2501900368772584 0.3050018669648714
2.5209999999999995 0.18906731531958004 0.2065870955113976 0.25008375575389524 0.3049563111957662
2.5309999999999997 0.18880585516782197 0.20639064996142037 0.24997872569820861 0.3049113209296679
2.5409999999999995 0.1885468869157107 0.20619629747291282 0.24987492841101572 0.3048668872894935
2.5509999999999997 0.1882903811821716 0.20600401087098996 0.24977234590622183 0.30482300156443765
2.5609999999999995 0.18803630898050333 0.20581376338242846 0.24967096050482188 0.30477965520638167
2.5709999999999993 0.18778464171273196 0.2056255286292576 0.24957075482899926 0.3047368398263923
2.5809999999999995 0.18753535116404352 0.2054392806224538 0.2494717117963485 0.3046945471913035
2.5909999999999993 0.18728840949729403 0.20525499375573641 0.24937381461421831 0.30465276922038126
2.6009999999999995 0.18704378924759635 0.2050726427994637 0.24927704677417323 0.3046114979820691
2.6109999999999993 0.18680146331698255 0.2048922028946284 0.24918139204657017 0.3045707256908111
2.6209999999999996 0.18656140496914142 0.20471364954694993 0.2490868344752482 0.3045304447039518
2.6309999999999993 0.18632358782423086 0.20453695862106297 0.2489933583723291 0.3044906475187095
2.6409999999999996 0.1860879858537627 0.20436210633480079 0.24890094831312543 0.30445132676922243
2.6509999999999994 0.18585457337556133 0.20418906925357144 0.24880958913115447 0.3044124752236641
2.6609999999999996 0.18562332504879303 0.20401782428482615 0.24871926591325574 0.3043740857814286
2.6709999999999994 0.18539421586906746 0.2038483486726182 0.2486299639948097 0.3043361514703811
2.6809999999999996 0.18516722116360831 0.20368061999225057 0.24854166895505456 0.304298665444174
2.6909999999999994 0.18494231658649438 0.20351461614501165 0.2484543666125006 0.3042616209796261
2.7009999999999996 0.18471947811396797 0.2033503153529975 0.24836804302043897 0.30422501147416303
2.7109999999999994 0.18449868203981218 0.20318769615401897 0.2482826844625426 0.30418883044331824
2.7209999999999996 0.1842799049707945 0.2030267373965924 0.24819827744855785 0.30415307151829185
2.7309999999999994 0.18406312382217643 0.2028674182350138 0.24811480871008476 0.3041177284435664
2.7409999999999997 0.18384831581328875 0.20270971812452415 0.24803226519644372 0.30408279507457836
2.7509999999999994 0.18363545846317095 0.20255361681649756 0.2479506340706269 0.3040482653754436
2.7609999999999997 0.18342452958627417 0.20239909435382716 0.24786990270533235 0.30401413341673494
2.7709999999999995 0.18321550728822722 0.20224613106626663 0.24779005867907936 0.30398039337331156
2.7809999999999993 0.18300836996166459 0.20209470756590958 0.2477110897724028 0.3039470395221982
2.7909999999999995 0.18280309628211538 0.20194480474273177 0.2476329839641252 0.30391406624051265
2.8009999999999993 0.18259966520395296 0.20179640376020685 0.24755572942770457 0.30388146800344157
2.8109999999999995 0.1823980559564036 0.20164948605099497 0.24747931452765612 0.3038492393822614
2.8209999999999993 0.18219824803961496 0.20150403331270272 0.24740372781604741 0.3038173750424053
2.8309999999999995 0.18200022122078144 0.20136002750371318 0.2473289580290631 0.3037858697415735
2.8409999999999993 0.1818039555303274 0.2012174508390856 0.24725499408883161 0.30375471832788686
2.8509999999999995 0.18160943125814677 0.20107628578652254 0.24718182507417183 0.30372391573808144
2.8609999999999993 0.181416628949898 0.2009365150624044 0.24710944026927442 0.3036934569957449
2.8709999999999996 0.18122552940335443 0.20079812162788943 0.2470378291086245 0.30366333720959154
2.8809999999999993 0.18103611366480823 0.20066108868507865 0.24696698119985483 0.3036335515717765
2.8909999999999996 0.18084836302552815 0.20052539967324445 0.24689688631551565 0.303604095356248
2.9009999999999994 0.18066225901826977 0.20039103826512175 0.24682753439009514 0.3035749639171356
2.9109999999999996 0.18047778341383744 0.20025798836326067 0.24675891551710027 0.30354615268717494
2.9209999999999994 0.18029491821769317 0.20012623409643998 0.24669101994619588 0.30351765717616747
2.9309999999999996 0.18011364566663698 0.19999575981613973 0.24662383808040003 0.3034894729694738
2.9409999999999994 0.17993394822549852 0.19986655009307303 0.24655736047333648 0.3034615957265412
2.9509999999999996 0.17975580858391185 0.19973858971377476 0.24649157782654055 0.30343402117946255
2.9609999999999994 0.17957920965312427 0.19961186367724726 0.2464264809868188 0.3034067451315678
2.9709999999999996 0.1794041345628538 0.1994863571916518 0.24636206094366153 0.30337976345604606
2.9809999999999994 0.1792305666581953 0.19936205567108145 0.24629830882670534 0.3033530720945978
2.990999999999999 0.17905848949657152 0.19923894473237694 0.24623521590324687 0.3033266670561162
3.0009999999999994 0.1788878868447305 0.19911701019196693 0.24617277357580525 0.303300544415398
3.0109999999999992 0.1787187426757877 0.19899623806279204 0.2461109733797312 0.30327470031188153
3.0209999999999995 0.17855104116631162 0.19887661455127115 0.2460498069808655 0.3032491309484126
3.0309999999999993 0.1783847666934547 0.19875812605449614 0.24598926617324118 0.30322383259003666
3.0409999999999995 0.17821990383212516 0.19864075915661406 0.2459293428768318 0.30319880156281753
3.0509999999999993 0.17805643735220267 0.1985245006269182 0.24587002913534337 0.3031740342526809
3.0609999999999995 0.17789435221579492 0.1984093374163909 0.2458113171140494 0.30314952710428333
3.0709999999999993 0.1777336335745356 0.19829525665505904 0.245753199097668 0.3031252766199049
3.0809999999999995 0.17757426676692262 0.19818224564924924 0.24569566748828056 0.3031012793583658
3.0909999999999993 0.17741623731570022 0.1980702918788883 0.24563871480329036 0.30307753193396564
3.1009999999999995 0.1772595309252531 0.197959382994848 0.24558233367342086 0.30305403101544587
3.1109999999999993 0.17710413347910758 0.19784950681633398 0.24552651684075294 0.303030773324974
3.1209999999999996 0.17695003103738977 0.19774065132831758 0.24547125715679988 0.3030077556371488
3.1309999999999993 0.17679720983436728 0.19763280467901 0.24541654758061907 0.30298497477802444
3.1409999999999996 0.17664565627601828 0.1975259551773781 0.2453623811769607 0.3029624276241656
3.1509999999999994 0.17649535693763577 0.19742009129070093 0.24530875111445108 0.3029401111017056
3.1609999999999996 0.1763462985614689 0.19731520164216707 0.24525565066381205 0.302918022185437
3.1709999999999994 0.17619846805439904 0.19721127500851063 0.24520307319611304 0.30289615789791663
3.1809999999999996 0.17605185248565014 0.19710830031768684 0.24515101218105761 0.30287451530858994
3.1909999999999994 0.1759064390845343 0.1970062666465851 0.24509946118530218 0.3028530915329334
3.200999999999999 0.17576221523834284 0.19690516321878054 0.2450484138708064 0.3028318837316149
3.2109999999999994 0.17561916848971615 0.1968049794023211 0.2449978639932157 0.30281088910967147
3.220999999999999 0.17547728653513667 0.1967057047075523 0.24494780540027375 0.3027901049157035
3.2309999999999994 0.17533655722238395 0.19660732878497636 0.24489823203026553 0.3027695284410864
3.240999999999999 0.1751969685485462 0.19650984142314745 0.24484913791048904 0.3027491570191977
3.2509999999999994 0.17505850865795916 0.19641323254660034 0.2448005171557571 0.302728988024683
3.2609999999999992 0.1749211658401772 0.19631749221381353 0.24475236396692548 0.3027090188726226
3.2709999999999995 0.1747849285279734 0.19622261061520557 0.24470467262945095 0.3026892470179447
3.2809999999999993 0.17464978529537023 0.19612857807116357 0.24465743751197436 0.30266966995462086
3.2909999999999995 0.17451572485569916 0.19603538503010445 0.2446106530649313 0.30265028521499204
3.3009999999999993 0.1743827360596893 0.19594302206656716 0.24456431381918864 0.302631090369086
3.3109999999999995 0.1742508078935842 0.19585147987933632 0.24451841438470615 0.30261208302394804
3.3209999999999993 0.1741199294772871 0.19576074928959644 0.24447294944922346 0.3025932608229856
3.3309999999999995 0.17399009006253352 0.19567082123911544 0.24442791377697104 0.30257462144532554
3.3409999999999993 0.17386127903109067 0.19558168678845828 0.24438330220740517 0.3025561626051849
3.3509999999999995 0.17373348589298382 0.1954933371152293 0.2443391096539666 0.302537882051254
3.3609999999999993 0.1736067002847495 0.19540576351234296 0.24429533110286206 0.30251977756609133
3.3709999999999996 0.17348091196771342 0.19531895738632238 0.24425196161186774 0.30250184696558846
3.3809999999999993 0.17335611082629518 0.19523291025562603 0.2442089963091557 0.3024840880981713
3.3909999999999996 0.17323228686633674 0.19514761374900036 0.24416643039214106 0.3024664988445416
3.4009999999999994 0.17310943021345687 0.1950630596038599 0.24412425912635066 0.30244907711692237
3.4109999999999996 0.1729875311114292 0.19497923966540331 0.24408247784431258 0.3024318208585569
3.4209999999999994 0.17286657992058418 0.1948961458819263 0.24404108194446583 0.3024147280431733
3.430999999999999 0.17274656711623493 0.19481377030821576 0.2440000668900896 0.30239779667445815
3.4409999999999994 0.1726274832871263 0.1947321051012601 0.24395942820825262 0.3023810247855413
3.450999999999999 0.17250931913390646 0.19465114251797402 0.24391916148878126 0.3023644104384905
3.4609999999999994 0.17239206546762123 0.1945708749151847 0.24387926238324634 0.30234795172381573
3.470999999999999 0.17227571320823068 0.19449129474775118 0.2438397266039684 0.3023316467599836
3.4809999999999994 0.17216025338314714 0.1944123945671411 0.24380054992304098 0.3023154936929407
3.490999999999999 0.1720456771257949 0.19433416702002965 0.2437617281713713 0.3022994906956463
3.5009999999999994 0.17193197567419138 0.19425660484692092 0.24372325723773847 0.3022836359676147
3.5109999999999992 0.17181914036954832 0.1941797008807915 0.24368513306786854 0.3022679277344651
3.5209999999999995 0.17170716265489425 0.19410344804575524 0.24364735166352622 0.3022523642474813
3.5309999999999993 0.17159603407371654 0.1940278393557494 0.2436099090816227 0.30223694378317967
3.5409999999999995 0.1714857462686238 0.19395286791324184 0.24357280143333945 0.30222166464288464
3.5509999999999993 0.17137629098002738 0.19387852690795837 0.24353602488326792 0.3022065251523132
3.5609999999999995 0.17126766004484234 0.19380480961563057 0.24349957564856417 0.30219152366116675
3.5709999999999993 0.17115984539520734 0.19373170939676312 0.24346344999811892 0.3021766585427312
3.5809999999999995 0.171052839057391 0.19365921969542088 0.24342764425174193 0.30216192819348364
3.5909999999999993 0.17094663314974753 0.1935873340380349 0.24339215477936116 0.3021473310327082
3.6009999999999995 0.17084121988287418 0.19351604603222747 0.2433569780002361 0.30213286550211726
3.6109999999999993 0.17073659155737236 0.19344534936565508 0.2433221103821844 0.30211853006548106
3.6209999999999996 0.1706327405633763 0.1933752378048708 0.24328754844082315 0.30210432320826386
3.6309999999999993 0.17052965937782041 0.19330570519420295 0.2432532887388225 0.3020902434372669
3.640999999999999 0.1704273405653609 0.1932367454546527 0.24321932788517298 0.3020762892802781
3.6509999999999994 0.17032577677601962 0.1931683525828079 0.24318566253446533 0.3020624592857283
3.660999999999999 0.1702249607443262 0.19310052064977498 0.24315228938618333 0.3020487520223539
3.6709999999999994 0.1701248852882125 0.19303324380012649 0.24311920518400856 0.3020351660788656
3.680999999999999 0.17002554330792216 0.19296651625086567 0.24308640671513732 0.302021700063624
3.6909999999999994 0.16992692778493623 0.19290033229040704 0.24305389080960976 0.3020083526043198
3.700999999999999 0.1698290317809144 0.1928346862775729 0.2430216543396502 0.30199512234766157
3.7109999999999994 0.16973184843665112 0.19276957264060518 0.24298969421901942 0.30198200795939406
3.720999999999999 0.1696353709710468 0.19270498587619309 0.2429580074023775 0.30196900812262994
3.7309999999999994 0.16953959268009425 0.1926409205485153 0.242926590884658 0.30195612153968415
3.740999999999999 0.16944450693587876 0.19257737128829758 0.24289544170045346 0.3019433469303186
3.7509999999999994 0.16935010718559346 0.1925143327918844 0.2428645569234103 0.30193068303183634
3.7609999999999992 0.16925638695056802 0.19245179982032523 0.24283393366563483 0.3019181285988981
3.7709999999999995 0.16916333982531176 0.19238976719847498 0.24280356907710984 0.3019056824029418
3.7809999999999993 0.16907095947656992 0.19232822981410813 0.2427734603451201 0.3018933432322142
3.7909999999999995 0.168979239642394 0.19226718261704642 0.24274360469368844 0.30188110989140826
3.8009999999999993 0.16888817413122456 0.19220662061830032 0.24271399938302135 0.3018689812014022
3.8109999999999995 0.16879775682098794 0.19214653888922323 0.24268464170896392 0.30185695599900436
3.8209999999999993 0.16870798165820527 0.19208693256067905 0.24265552900246362 0.3018450331367016
3.8309999999999995 0.16861884265711402 0.19202779682222212 0.242626658629044 0.30183321148241293
3.8409999999999993 0.16853033389880268 0.1919691269212901 0.242598027988287 0.30182148991924745
3.850999999999999 0.16844244953035686 0.19191091816240852 0.24256963451332303 0.3018098673452664
3.8609999999999993 0.16835518376401798 0.1918531659064086 0.24254147567033135 0.3017983426732489
3.870999999999999 0.16826853087635413 0.19179586556965567 0.24251354895804764 0.3017869148304639
3.8809999999999993 0.16818248520744145 0.19173901262329013 0.24248585190727986 0.30177558275844324
3.890999999999999 0.16809704116005866 0.19168260259247993 0.2424583820804332 0.30176434541276137
3.9009999999999994 0.1680121931988917 0.19162663105568384 0.24243113707104177 0.3017532017628173
3.910999999999999 0.16792793584975022 0.19157109364392655 0.24240411450330882 0.30174215079162114
3.9209999999999994 0.1678442636987945 0.19151598604008443 0.24237731203165458 0.30173119149558414
3.930999999999999 0.16776117139177396 0.19146130400392142 0.24235072734027138 0.3017203228843128
3.9409999999999994 0.16767865363327583 0.19140704324269864 0.24232435814268627 0.30170954398040556
3.950999999999999 0.16759670518598438 0.19135319966788733 0.24229820218133102 0.30169885381925465
3.9609999999999994 0.16751532086995072 0.19129976913710145 0.242272257227119 0.30168825144884975
3.970999999999999 0.16743449556187262 0.19124674758213336 0.24224652107902933 0.3016777359295864
3.9809999999999994 0.16735422419438442 0.1911941309825618 0.24222099156369736 0.3016673063340768
3.990999999999999 0.167274501755357 0.19114191536511027 0.24219566653501282 0.3016569617469645
4.0009999999999994 0.16719532328720715 0.19109009680301364 0.2421705438737235 0.3016467012647417
4.011 0.1671166838862171 0.1910386714153955 0.24214562148704633 0.3016365239955706
4.021 0.16703857870186262 0.19098763536665359 0.2421208973082841 0.301626429059107
4.031 0.16696100293615151 0.19093698486585564 0.24209636929644898 0.30161641558632707
4.0409999999999995 0.1668839518429703 0.19088671616614322 0.24207203543589195 0.3016064827193575
4.051 0.16680742072744062 0.19083682556414472 0.24204789373593824 0.30159662961130834
4.061 0.16673140494528438 0.1907873093993975 0.24202394223052878 0.30158685542610825
4.071 0.1666558999021971 0.1907381640537778 0.24200017897786752 0.30157715933834345
4.0809999999999995 0.16658090105323095 0.19068938595093993 0.24197660206007404 0.30156754053309887
4.090999999999999 0.1665064039021853 0.19064097155576315 0.2419532095828426 0.3015579982058017
4.101 0.16643240400100615 0.19059291737380674 0.2419299996751059 0.3015485315620684
4.111 0.1663588969491938 0.19054521995077364 0.24190697048870444 0.30153913981755365
4.1209999999999996 0.1662858783932185 0.1904978758719813 0.24188412019806155 0.30152982219780167
4.130999999999999 0.16621334402594407 0.19045088176184094 0.24186144699986348 0.3015205779381014
4.141 0.16614128958605953 0.1904042342833438 0.24183894911274414 0.301511406283342
4.151 0.1660697108680149 0.19035793013755545 0.24181662477697558 0.30150230648787285
4.161 0.165998603668987 0.19031196606311743 0.241794472254163 0.3014932778153642
4.170999999999999 0.1659279638932959 0.19026633883575583 0.24177248982694477 0.3014843195386716
4.181 0.1658577874469052 0.19022104526779732 0.24175067579869708 0.30147543093970136
4.191 0.1657880702893722 0.19017608220769247 0.24172902849324338 0.3014666113092789
4.201 0.16571880842282816 0.19013144653954533 0.2417075462545687 0.3014578599470194
4.210999999999999 0.16564999789146198 0.19008713518265052 0.24168622744653753 0.3014491761612002
4.221 0.1655816347810108 0.19004314509103667 0.2416650704526177 0.3014405592766779
4.231 0.16551371521825753 0.18999947325301678 0.24164407367560706 0.3014320085945523
4.241 0.1654462353705351 0.18995611669074441 0.2416232355373654 0.3014235234724714
4.2509999999999994 0.16537919144523747 0.1899130724597774 0.24160255447855036 0.30141510324408555
4.261 0.1653125796893373 0.18987033764864675 0.24158202895834777 0.3014067472591437
4.271 0.1652463963889098 0.18982790937843247 0.24156165745425312 0.3013984548753351
4.281 0.16518063786866333 0.18978578480234531 0.2415414384617652 0.3013902254581763
4.2909999999999995 0.16511530049147646 0.18974396110531436 0.2415213704941734 0.30138205838089865
4.300999999999999 0.1650503806579403 0.18970243550358062 0.24150145208231763 0.30137395302433956
4.311 0.16498587480590837 0.18966120524429678 0.2414816817742974 0.3013659087768338
4.321 0.16492177941005112 0.18962026760513215 0.2414620581353105 0.301357925034107
4.3309999999999995 0.16485809098141752 0.1895796198938835 0.2414425797473705 0.3013500011991719
4.340999999999999 0.16479480606700153 0.18953925944809172 0.24142324520908962 0.3013421366822247
4.351 0.16473192124931532 0.1894991836346634 0.2414040531354529 0.3013343309005444
4.361 0.16466943314596727 0.1894593898494982 0.24138500215759603 0.30132658327839296
4.3709999999999996 0.16460733840924607 0.18941987551712142 0.241366090922586 0.3013188932469171
4.380999999999999 0.16454563372571054 0.18938063809032174 0.2413473180932063 0.3013112602440524
4.391 0.16448431581578415 0.18934167504979418 0.24132868234774393 0.301303683714428
4.401 0.1644233814333557 0.18930298390378789 0.24131018237978083 0.3012961631092733
4.411 0.16436282736538493 0.18926456218775922 0.24129181689798807 0.3012886978863263
4.420999999999999 0.164302650431513 0.18922640746402972 0.24127358462592302 0.301281287509743
4.431 0.1642428474836789 0.18918851732144829 0.24125548430182983 0.30127393145000836
4.441 0.16418341540574025 0.18915088937505906 0.2412375146784429 0.3012666291838488
4.451 0.16412435111309936 0.1891135212657733 0.24121967452279353 0.3012593801941462
4.460999999999999 0.1640656515523341 0.18907641066004616 0.24120196336539015 0.30125218396985254
4.471 0.16400731370083377 0.18903955524955762 0.2411843777531739 0.3012450400059072
4.481 0.16394933456643948 0.18900295275089857 0.24116691874304816 0.30123794780315377
4.491 0.1638917111870895 0.1889666009052606 0.24114958440798132 0.30123090686826026
4.5009999999999994 0.16383444063046929 0.18893049747813043 0.24113237358368544 0.30122391671363835
4.510999999999999 0.16377751999366563 0.1888946402589887 0.2411152851190675 0.30121697685736587
4.521 0.16372094640282592 0.1888590270610126 0.2410983178760556 0.30121008682310924
4.531 0.16366471701282115 0.1888236557207829 0.24108147072947217 0.30120324614004756
4.5409999999999995 0.16360882900691429 0.18878852409799543 0.2410647425666901 0.30119645434279785
4.550999999999999 0.16355327959643168 0.18875363007517526 0.24104813228772248 0.3011897109713413
4.561 0.16349806602043998 0.18871897155739648 0.2410316388048924 0.3011830155709508
4.571 0.16344318554542628 0.18868454647200464 0.24101526104271195 0.30117636769212003
4.5809999999999995 0.16338863546498297 0.1886503530142403 0.2409989979377229 0.30116976689049224
4.590999999999999 0.16333441309949656 0.18861638841748626 0.24098284843834042 0.3011632127267919
4.601 0.16328051579584027 0.18858265141196792 0.24096681150469818 0.30115670476675643
4.611 0.16322694092707057 0.18854913976552498 0.24095088610849663 0.3011502425810687
4.6209999999999996 0.16317368589212844 0.18851585151283598 0.240935071232853 0.30114382574529114
4.630999999999999 0.16312074811554317 0.18848278470926652 0.24091936587215346 0.3011374538398011
4.641 0.1630681250471409 0.18844993743061791 0.24090376903190766 0.30113112644972606
4.651 0.16301581416175664 0.1884173077728788 0.24088827972860566 0.3011248431648813
4.661 0.16296381295894996 0.1883848938519808 0.24087289698957623 0.3011186035797072
4.670999999999999 0.1629121189627242 0.1883526938035567 0.24085761985284768 0.3011124072932083
4.681 0.16286072972124935 0.18832070578270269 0.24084244736701102 0.3011062539088929
4.691 0.16280964280658888 0.1882889279637434 0.24082737859108438 0.30110014303471383
4.701 0.16275885581442917 0.18825735854000017 0.24081241259438005 0.30109407428301016
4.710999999999999 0.162708366363813 0.18822599572356236 0.24079754845637277 0.30108804727044897
4.720999999999999 0.1626581720968765 0.1881948377450624 0.240782785266571 0.30108206161796935
4.731 0.162608270678589 0.1881638828534527 0.24076812212438872 0.30107611695072606
4.741 0.16255865979649653 0.18813312931578682 0.24075355813902014 0.30107021289803493
4.7509999999999994 0.16250933716046848 0.1881025754170028 0.2407390924293157 0.30106434909331803
4.760999999999999 0.16246030050244722 0.1880722194597095 0.24072472412366 0.3010585251740511
4.771 0.1624115475762014 0.1880420597639762 0.24071045235985142 0.3010527407817098
4.781 0.1623630761570816 0.1880120946671245 0.24069627628498363 0.30104699556171904
4.7909999999999995 0.16231488404178004 0.18798232252352343 0.24068219505532848 0.3010412891634012
4.800999999999999 0.16226696904809226 0.18795274170438708 0.24066820783622073 0.3010356212399261
4.811 0.1622193290146826 0.18792335059757503 0.2406543138019449 0.30102999144826126
4.821 0.1621719618008524 0.1878941476073954 0.24064051213562265 0.30102439944912335
4.8309999999999995 0.16212486528631054 0.18786513115441028 0.2406268020291028 0.30101884490692954
4.840999999999999 0.16207803737094792 0.1878362996752445 0.2406131826828523 0.3010133274897507
4.851 0.16203147610613552 0.18780765162239602 0.24059965330584915 0.30100784686926424
4.861 0.16198517903689535 0.18777918546404923 0.2405862131154764 0.30100240272070855
4.8709999999999996 0.16193914451690003 0.18775089968389097 0.24057286133741798 0.30099699472283686
4.880999999999999 0.1618933703930404 0.18772279278092888 0.240559597205556 0.3009916225578734
4.891 0.16184785466282164 0.18769486326931145 0.24054641996186912 0.30098628591146837
4.901 0.16180259534263225 0.18766710967815164 0.24053332885633302 0.30098098447265587
4.911 0.16175759046753624 0.18763953055135182 0.24052032314682137 0.30097571793381006
4.920999999999999 0.1617128380910692 0.18761212444743153 0.2405074020990091 0.30097048599060294
4.930999999999999 0.16166833628503574 0.18758488993935735 0.24049456498627642 0.30096528834196357
4.941 0.1616240831393102 0.18755782561437512 0.24048181108961433 0.3009601246900363
4.951 0.16158007676163957 0.18753093007384403 0.24046913969753164 0.3009549947401413
4.960999999999999 0.16153631527744855 0.1875042019330732 0.24045655010596284 0.30094989820073365
4.970999999999999 0.16149279682964754 0.18747763982116056 0.24044404161817803 0.30094483478336526
4.981 0.16144951957844256 0.187451242380833 0.24043161354469295 0.3009398042026451
4.991 0.16140648170114782 0.18742500826828987 0.24041926520329612 0.30093480617620216
5.0009999999999994 0.16136368139200016 0.18739893615304737 0.24040699591846218 0.3009298404246472
5.010999999999999 0.16132111686197625 0.1873730247177853 0.24039480502207225 0.30092490667153593
5.021 0.16127878633861165 0.18734727265819637 0.24038269185275768 0.30092000464333246
5.031 0.16123668806582223 0.18732167868283667 0.2403706557559673 0.3009151340693733
5.0409999999999995 0.1611948203037281 0.18729624151297855 0.2403586960840203 0.3009102946818323
5.050999999999999 0.16115318132847856 0.187270959882465 0.2403468121955483 0.3009054862156847
5.061 0.16111176943208078 0.18724583253756674 0.2403350034560406 0.30090070840867383
5.071 0.16107058292222923 0.1872208582368397 0.24032326923740566 0.3008959610012762
5.0809999999999995 0.16102962012213778 0.1871960357509861 0.24031160891796993 0.3008912437366684
5.090999999999999 0.16098887937037387 0.18717136386271582 0.24030002188240088 0.30088655636069417
5.101 0.16094835902069435 0.18714684136661042 0.24028850752163147 0.30088189862183135
5.111 0.1609080574418837 0.18712246706898863 0.2402770652327855 0.30087727027116024
5.1209999999999996 0.16086797301759365 0.18709823978777343 0.2402656944191038 0.30087267106233173
5.130999999999999 0.1608281041461856 0.18707415835236102 0.240254394489872 0.3008681007515359
5.140999999999999 0.1607884492405738 0.1870502216034914 0.24024316486034833 0.3008635590974714
5.151 0.16074900672807152 0.18702642839312078 0.24023200495169353 0.3008590458613151
5.161 0.16070977505023834 0.18700277758429504 0.24022091419090075 0.30085456080669204
5.170999999999999 0.16067075266272943 0.18697926805102558 0.24020989201072662 0.300850103699646
5.180999999999999 0.16063193803514694 0.18695589867816614 0.2401989378496239 0.30084567430861014
5.191 0.16059332965089265 0.18693266836129155 0.24018805115167405 0.30084127240437847
5.201 0.16055492600702284 0.18690957600657762 0.24017723136652147 0.3008368977600778
5.210999999999999 0.16051672561410463 0.18688662053068297 0.24016647794930795 0.3008325501511388
5.220999999999999 0.16047872699607407 0.18686380086063228 0.24015579036060888 0.30082822935526965
5.231 0.16044092869009594 0.18684111593370056 0.2401451680663694 0.30082393515242806
5.241 0.1604033292464254 0.18681856469729952 0.2401346105378418 0.30081966732479487
5.2509999999999994 0.16036592722827075 0.186796146108865 0.24012411725152405 0.30081542565674724
5.260999999999999 0.16032872121165853 0.18677385913574573 0.24011368768909852 0.3008112099348329
5.271 0.16029170978529947 0.18675170275509367 0.24010332133737192 0.30080701994774434
5.281 0.16025489155045683 0.1867296759537559 0.24009301768821598 0.30080285548629304
5.2909999999999995 0.16021826512081555 0.18670777772816752 0.24008277623850907 0.3007987163433852
5.300999999999999 0.16018182912235326 0.1866860070842457 0.24007259649007784 0.3007946023139963
5.311 0.16014558219321293 0.18666436303728595 0.24006247794964086 0.30079051319514705
5.321 0.16010952298357684 0.18664284461185854 0.24005242012875186 0.30078644878587957
5.3309999999999995 0.16007365015554198 0.18662145084170706 0.24004242254374422 0.3007824088872331
5.340999999999999 0.16003796238299725 0.1866001807696479 0.24003248471567634 0.3007783933022212
5.350999999999999 0.1600024583515016 0.18657903344747098 0.24002260617027749 0.3007744018358084
5.361 0.15996713675816365 0.18655800793584157 0.24001278643789423 0.3007704342948873
5.3709999999999996 0.15993199631152358 0.1865371033042039 0.24000302505343787 0.30076649048825627
5.380999999999999 0.15989703573143518 0.18651631863068513 0.23999332155633243 0.3007625702265975
5.390999999999999 0.15986225374894977 0.18649565300200116 0.23998367549046307 0.3007586733224546
5.401 0.15982764910620204 0.18647510551336335 0.23997408640412585 0.30075479959021156
5.411 0.159793220556296 0.18645467526838624 0.2399645538499774 0.30075094884607095
5.420999999999999 0.1597589668631935 0.18643436242107048 0.2399550773849852 0.3007471209080332
5.430999999999999 0.15972488680160324 0.1864141629653443 0.23994565657037975 0.30074331559587614
5.441 0.15969097915687128 0.18639407915571182 0.23993629097160576 0.30073953273113374
5.451 0.15965724272487297 0.18637410908642846 0.2399269801582748 0.300735772137077
5.460999999999999 0.15962367631190585 0.18635425190178245 0.2399177237041183 0.3007320336386928
5.470999999999999 0.15959027873458412 0.1863345067539361 0.23990852118694178 0.30072831706266534
5.481 0.15955704881973382 0.18631487280285086 0.23989937218857837 0.30072462223735597
5.491 0.15952398540428994 0.18629534921616286 0.23989027629484455 0.30072094899278473
5.5009999999999994 0.15949108733519404 0.18627593516916346 0.23988123309549492 0.3007172971606107
5.510999999999999 0.1594583534692933 0.1862566298446752 0.23987224218417869 0.3007136665741138
5.521 0.15942578267324076 0.18623743243298158 0.23986330315839594 0.30071005706817644
5.531 0.1593933738233968 0.18621834213174832 0.23985441561945522 0.3007064684792649
5.5409999999999995 0.15936112580573145 0.1861993581459441 0.23984557917243066 0.30070290064541205
5.550999999999999 0.15932903751572794 0.18618047968776352 0.2398367934261208 0.3006993534061992
5.560999999999999 0.15929710785828768 0.18616170597655 0.23982805799300685 0.30069582660273864
5.571 0.15926533574763557 0.18614303623872017 0.23981937248921223 0.30069232007765634
5.5809999999999995 0.15923372010722742 0.18612446970768923 0.23981073653446258 0.3006888336750757
5.590999999999999 0.15920225986965716 0.1861060056237966 0.23980214975204533 0.3006853672405993
5.600999999999999 0.15917095397656636 0.18608764323423313 0.2397936117687714 0.3006819206212936
5.611 0.15913980137855396 0.18606938179296895 0.23978512221493578 0.3006784936656724
5.6209999999999996 0.15910880103508718 0.186051220560682 0.23977668072427966 0.30067508622367956
5.630999999999999 0.1590779519144137 0.18603315880468768 0.23976828693395277 0.30067169814667466
5.640999999999999 0.15904725299347452 0.18601519579886894 0.23975994048447574 0.300668329287416
5.651 0.15901670325781797 0.18599733082360795 0.23975164101970367 0.30066497950004567
5.661 0.15898630170151448 0.18597956316571773 0.23974338818678959 0.30066164864007394
5.670999999999999 0.15895604732707283 0.18596189211837494 0.23973518163614843 0.30065833656436447
5.680999999999999 0.1589259391453565 0.18594431698105393 0.23972702102645777 0.30065504313111857
5.691 0.15889597617550197 0.18592683705946061 0.239718906004223 0.3006517681998615
5.701 0.15886615744483693 0.18590945166546807 0.23971083623020345 0.300648511631427
5.710999999999999 0.15883648198879996 0.18589216011705195 0.23970281137681468 0.30064527328794316
5.720999999999999 0.1588069488508614 0.18587496173822807 0.23969483110547987 0.30064205303281827
5.731 0.15877755708244415 0.1858578558589887 0.23968689508545699 0.30063885073072705
5.741 0.1587483057428463 0.18584084181524183 0.23967900298902728 0.3006356662475959
5.7509999999999994 0.15871919464811285 0.18582391894874928 0.23967115449146242 0.3006324994505903
5.760999999999999 0.15869022062621627 0.18580708660706677 0.23966334927099225 0.30062935020810067
5.770999999999999 0.15866138500646787 0.18579034414348405 0.23965558700877343 0.300626218389729
5.781 0.15863268612995704 0.18577369091696588 0.23964786738885774 0.3006231038662759
5.7909999999999995 0.15860412309422087 0.18575712629209393 0.23964019009816168 0.3006200065097276
5.800999999999999 0.15857569500422272 0.1857406496390091 0.2396325548264353 0.3006169261932425
5.810999999999999 0.15854740097228048 0.18572426033335454 0.23962496126623262 0.30061386279113955
5.821 0.15851924011799526 0.1857079577562193 0.23961740911288107 0.30061081617888474
5.8309999999999995 0.15849121156818116 0.1856917412940829 0.23960989806445296 0.3006077862330793
5.840999999999999 0.15846331445679557 0.18567561033876023 0.2396024278217357 0.3006047728314472
5.850999999999999 0.15843554792487033 0.1856595642873471 0.23959499808820295 0.30060177585282294
5.861 0.15840791112043798 0.18564360254216686 0.239587608569987 0.3005987951771403
5.8709999999999996 0.1583804031984872 0.18562772451071696 0.23958025897585009 0.3005958306854194
5.880999999999999 0.1583530233208633 0.18561192960561687 0.23957294901715687 0.3005928822597563
5.890999999999999 0.15832577065622316 0.18559621724455555 0.23956567840784684 0.3005899497833106
5.901 0.15829864437996546 0.18558058685024093 0.2395584468644077 0.30058703314029495
5.911 0.1582716436741661 0.18556503785034875 0.2395512541058482 0.3005841322159626
5.920999999999999 0.15824476772751428 0.18554956967747258 0.239544099853672 0.3005812468965975
5.930999999999999 0.15821801573524985 0.18553418176907555 0.2395369838318516 0.30057837706950286
5.941 0.1581913868991007 0.18551887356742688 0.23952990576680236 0.30057552262299025
5.951 0.15816488042722116 0.18550364451958884 0.23952286538735704 0.3005726834463692
5.960999999999999 0.15813849553413092 0.18548849407733656 0.23951586242474088 0.30056985942993647
5.970999999999999 0.15811223144065495 0.18547342169712122 0.2395088966125467 0.3005670504649657
5.980999999999999 0.15808608737386345 0.1854584268400228 0.23950196768670984 0.30056425644369694
5.991 0.15806006256701308 0.1854435089717042 0.23949507538548448 0.30056147725932686
6.0009999999999994 0.15803415625948838 0.18542866756236523 0.23948821944941956 0.30055871280599833
6.010999999999999 0.1580083676967442 0.1854139020866979 0.2394813996213347 0.3005559629787907
6.020999999999999 0.1579826961302482 0.18539921202384102 0.2394746156462971 0.3005532276737101
6.031 0.15795714081742465 0.1853845968573367 0.23946786727159827 0.30055050678767925
6.0409999999999995 0.15793170102159837 0.18537005607508636 0.23946115424673128 0.3005478002185287
6.050999999999999 0.15790637601193913 0.18535558916930744 0.23945447632336778 0.30054510786498634
6.060999999999999 0.15788116506340744 0.18534119563665458 0.2394478332553363 0.3005424296266692
6.071 0.15785606745669972 0.18532687497753744 0.23944122479859944 0.3005397654040734
6.0809999999999995 0.15783108247819547 0.18531262669701679 0.23943465071123268 0.30053711509856523
6.090999999999999 0.1578062094199035 0.18529845030415254 0.2394281107534024 0.30053447861237237
6.100999999999999 0.15778144757940996 0.18528434531211202 0.23942160468734455 0.30053185584857456
6.111 0.15775679625982628 0.18527031123812968 0.2394151322773441 0.3005292467110954
6.1209999999999996 0.1577322547697379 0.1852563476034672 0.2394086932897135 0.3005266511046929
6.130999999999999 0.15770782242315337 0.185242453933374 0.23940228749277276 0.3005240689349519
6.140999999999999 0.15768349853945404 0.185228629757048 0.2393959146568284 0.30052150010827416
6.151 0.1576592824433446 0.18521487460759753 0.23938957455415422 0.3005189445318716
6.161 0.1576351734648129 0.18520118802200272 0.2393832669589705 0.3005164021137567
6.170999999999999 0.1576111709390415 0.18518756954107796 0.23937699164742518 0.3005138727627348
6.180999999999999 0.15758727420642304 0.18517401870943467 0.23937074839757388 0.30051135638839627
6.190999999999999 0.15756348261246775 0.18516053507544422 0.23936453698936103 0.30050885290110835
6.201 0.15753979550776837 0.1851471181912016 0.23935835720460055 0.3005063622120069
6.210999999999999 0.15751621224795292 0.1851337676124892 0.23935220882695768 0.3005038842329885
6.220999999999999 0.15749273219363905 0.1851204828987413 0.23934609164192977 0.3005014188767039
6.230999999999999 0.157469354710388 0.1851072636130085 0.23934000543682843 0.30049896605654886
6.241 0.15744607916865955 0.18509410932192322 0.23933395000076135 0.3004965256866576
6.2509999999999994 0.15742290494376712 0.18508101959566478 0.23932792512461398 0.30049409768189483
6.260999999999999 0.15739983141583372 0.18506799400792548 0.2393219306010326 0.3004916819578463
6.270999999999999 0.1573768579697478 0.1850550321358768 0.239315966224406 0.3004892784308203
6.281 0.15735398399512016 0.18504213356013596 0.23931003179084884 0.30048688701782816
6.2909999999999995 0.15733120888624105 0.1850292978647329 0.23930412709818405 0.30048450763658485
6.300999999999999 0.15730853204203732 0.1850165246370776 0.23929825194592613 0.3004821402054996
6.310999999999999 0.15728595286603103 0.185003813467928 0.23929240613526462 0.3004797846436698
6.321 0.15726347076629713 0.18499116395135742 0.23928658946904727 0.30047744087087347
6.3309999999999995 0.15724108515542293 0.1849785756847238 0.23928080175176372 0.3004751088075627
6.340999999999999 0.15721879545046696 0.18496604826863772 0.23927504278952966 0.30047278837485697
6.350999999999999 0.15719660107291872 0.18495358130693168 0.23926931239007035 0.30047047949453654
6.361 0.157174501448659 0.18494117440662977 0.23926361036270533 0.3004681820890359
6.3709999999999996 0.15715249600792006 0.18492882717791703 0.23925793651833238 0.3004658960814367
6.380999999999999 0.15713058418524684 0.18491653923410975 0.2392522906694125 0.3004636213954627
6.390999999999999 0.15710876541945815 0.18490431019162573 0.23924667262995425 0.3004613579554717
6.400999999999999 0.15708703915360817 0.18489213966995507 0.23924108221549883 0.30045910568645057
6.411 0.15706540483505224 0.1848800272916312 0.2392355192431052 0.30045686451400877
6.420999999999999 0.15704386191499983 0.18486797268220204 0.2392299835313352 0.3004546343643717
6.430999999999999 0.15702240984908525 0.1848559754702019 0.23922447490023893 0.3004524151643752
6.440999999999999 0.1570010480969299 0.18484403528712326 0.23921899317134057 0.3004502068414595
6.451 0.15697977612220532 0.18483215176738904 0.2392135381676238 0.3004480093236629
6.460999999999999 0.1569585933925966 0.18482032454832512 0.23920810971351786 0.3004458225396163
6.470999999999999 0.15693749937976753 0.18480855327013332 0.2392027076348834 0.30044364641853755
6.480999999999999 0.15691649355932477 0.18479683757586432 0.23919733175899896 0.30044148089022493
6.491 0.15689557541078286 0.18478517711139125 0.23919198191454713 0.3004393258850755
6.5009999999999994 0.1568747444175302 0.1847735715253832 0.23918665793160104 0.3004371813339867
6.510999999999999 0.15685400006679434 0.18476202046927945 0.2391813596416112 0.3004350471684893
6.520999999999999 0.15683334184960834 0.18475052359726346 0.2391760869564 0.30043292332064997
6.531 0.15681276926077709 0.1847390805662376 0.23917083947310855 0.3004308097230883
6.5409999999999995 0.15679228179884447 0.18472769103579784 0.2391656172642647 0.30042870630897234
6.550999999999999 0.15677187896605996 0.18471635466820877 0.23916042008768887 0.30042661301201234
6.560999999999999 0.1567515602683467 0.18470507112837914 0.23915524778152253 0.3004245297664564
6.571 0.15673132521526859 0.18469384008383713 0.2391501001852071 0.30042245650708443
6.5809999999999995 0.15671117331999945 0.1846826612047065 0.23914497713947191 0.3004203931692038
6.590999999999999 0.1566911040992903 0.1846715341636825 0.23913987848632176 0.300418339688644
6.600999999999999 0.15667111707343886 0.18466045863600825 0.23913480406902482 0.30041629600175135
6.611 0.15665121176625854 0.18464943429945144 0.23912975373210102 0.3004142620453844
6.6209999999999996 0.15663138770504764 0.18463846083428087 0.23912472732130954 0.30041223775690895
6.630999999999999 0.1566116444205591 0.1846275379232441 0.23911972468363804 0.3004102230741934
6.640999999999999 0.15659198144697056 0.18461666525154422 0.23911474566729016 0.3004082179356033
6.650999999999999 0.1565723983218546 0.18460584250681777 0.23910979012167471 0.30040622227999747
6.661 0.15655289458614924 0.18459506937911216 0.23910485789739386 0.3004042360467229
6.670999999999999 0.15653346978412908 0.18458434556086423 0.23909994884623242 0.30040225917560975
6.680999999999999 0.15651412346337618 0.18457367074687803 0.23909506282114645 0.30040029160696763
6.690999999999999 0.15649485517475162 0.18456304463430365 0.2390901996762524 0.30039833328158044
6.701 0.15647566447236733 0.18455246692261557 0.23908535926681612 0.3003963841407019
6.710999999999999 0.15645655091355776 0.18454193731359186 0.2390805414492422 0.30039444412605143
6.720999999999999 0.15643751405885284 0.1845314555112935 0.23907574608106358 0.3003925131798096
6.730999999999999 0.15641855347194975 0.18452102122204309 0.2390709730209307 0.30039059124461365
6.741 0.15639966871968633 0.18451063415440513 0.23906622212860137 0.30038867826360943
6.7509999999999994 0.15638085937201382 0.18450029401916543 0.23906149326493029 0.30038677418022824
6.760999999999999 0.1563621250019706 0.1844900005293112 0.23905678629185914 0.3003848789385031
6.770999999999999 0.15634346518565545 0.18447975340001113 0.23905210107240615 0.30038299248285616
6.781 0.15632487950220153 0.1844695523485961 0.2390474374706564 0.3003811147581452
6.7909999999999995 0.15630636753375074 0.18445939709453957 0.23904279535175216 0.3003792457096601
6.800999999999999 0.1562879288654276 0.1844492873594381 0.23903817458188248 0.3003773852831182
6.810999999999999 0.15626956308531484 0.18443922286778935 0.23903357502827444 0.30037553342466067
6.821 0.15625126978442705 0.18442920334367235 0.2390289965591828 0.30037369008084835
6.8309999999999995 0.15623304855668674 0.1844192285158429 0.2390244390438812 0.30037185519865855
6.840999999999999 0.15621489899889945 0.18440929811420345 0.23901990235265225 0.30037002872548
6.850999999999999 0.15619682071072924 0.18439941187068684 0.23901538635677874 0.3003682106091101
6.860999999999999 0.15617881329467467 0.18438956951911215 0.2390108909285344 0.30036640079775057
6.8709999999999996 0.15616087635604486 0.1843797707958328 0.23900641594117467 0.3003645992400042
6.880999999999999 0.15614300950293586 0.1843700154384862 0.2390019612689277 0.3003628058848704
6.890999999999999 0.15612521234620688 0.18436030318694782 0.23899752678698602 0.3003610206817425
6.900999999999999 0.15610748449945772 0.18435063378303507 0.23899311237149712 0.3003592435804034
6.911 0.15608982557900505 0.18434100697049005 0.23898871789955534 0.30035747453102224
6.920999999999999 0.1560722352038601 0.18433142249496268 0.23898434324919265 0.3003557134841509
6.930999999999999 0.1560547129957059 0.18432188010399383 0.23897998829937073 0.30035396039072054
6.940999999999999 0.15603725857887493 0.1843123795469988 0.23897565292997253 0.30035221520203814
6.951 0.15601987158032712 0.18430292057525072 0.2389713370217933 0.30035047786978286
6.960999999999999 0.15600255162962773 0.18429350294186428 0.23896704045653333 0.300348748346003
6.970999999999999 0.15598529835892608 0.18428412640177963 0.23896276311678905 0.30034702658311224
6.980999999999999 0.15596811140293323 0.1842747907117464 0.23895850488604503 0.30034531253388663
6.991 0.1559509903989016 0.18426549563030784 0.23895426564866673 0.3003436061514614
7.0009999999999994 0.15593393498660332 0.18425624091778514 0.23895004528989158 0.30034190738932703
7.010999999999999 0.15591694480830942 0.1842470263362622 0.23894584369582192 0.3003402162013272
7.020999999999999 0.15590001950876936 0.18423785164956977 0.23894166075341694 0.30033853254165455
7.031 0.15588315873519018 0.18422871662327062 0.2389374963504849 0.3003368563648477
7.0409999999999995 0.15586636213721658 0.18421962102464456 0.23893335037567606 0.3003351876257889
7.050999999999999 0.1558496293669105 0.1842105646226733 0.23892922271847467 0.3003335262797001
7.060999999999999 0.15583296007873151 0.18420154718802578 0.2389251132691918 0.30033187228214003
7.070999999999999 0.1558163539295166 0.18419256849304375 0.2389210219189578 0.3003302255890018
7.0809999999999995 0.1557998105784613 0.184183628311727 0.2389169485597153 0.3003285861565092
7.090999999999999 0.15578332968709976 0.18417472641971935 0.23891289308421193 0.3003269539412139
7.100999999999999 0.1557669109192858 0.18416586259429427 0.2389088553859929 0.30032532889999286
7.110999999999999 0.15575055394117396 0.18415703661434096 0.2389048353593945 0.3003237109900451
7.1209999999999996 0.15573425842120053 0.18414824826035048 0.2389008328995366 0.300322100168889
7.130999999999999 0.1557180240300652 0.1841394973144019 0.23889684790231608 0.30032049639435926
7.140999999999999 0.15570185044071222 0.18413078356014875 0.23889288026439964 0.30031889962460423
7.150999999999999 0.15568573732831237 0.18412210678280558 0.2388889298832176 0.30031730981808347
7.161 0.15566968437040193 0.18411346676913437 0.23888499665695667 0.3003157269335642
7.170999999999999 0.15565369124617937 0.18410486330743156 0.23888108048455345 0.3003141509301192
7.180999999999999 0.15563775763759732 0.184096296187515 0.23887718126568797 0.30031258176712433
7.190999999999999 0.155621883228553 0.18408776520071082 0.23887329890077733 0.3003110194042548
7.201 0.15560606770508106 0.18407927013984052 0.23886943329096882 0.3003094638014838
7.210999999999999 0.15559031075533658 0.18407081079920848 0.23886558433813385 0.300307914919079
7.220999999999999 0.15557461206957784 0.18406238697458935 0.23886175194486187 0.30030637271760025
7.230999999999999 0.15555897134014907 0.18405399846321532 0.23885793601445338 0.30030483715789713
7.241 0.15554338826185032 0.1840456450637641 0.23885413645091474 0.3003033082011064
7.2509999999999994 0.15552786253045647 0.1840373265763466 0.23885035315895115 0.30030178580864925
7.260999999999999 0.1555123938447779 0.18402904280249466 0.23884658604396128 0.30030026994222897
7.270999999999999 0.15549698190533698 0.18402079354514927 0.23884283501203074 0.30029876056382865
7.280999999999999 0.15548162641465965 0.18401257860864853 0.2388390999699266 0.30029725763570836
7.2909999999999995 0.15546632707725963 0.18400439779871613 0.23883538082509118 0.3002957611204032
7.300999999999999 0.15545108359962218 0.18399625092244945 0.23883167748563627 0.3002942709807205
7.310999999999999 0.15543589569018867 0.1839881377883082 0.2388279898603376 0.3002927871797378
7.320999999999999 0.15542076305934086 0.18398005820610283 0.23882431785862895 0.30029130968080014
7.3309999999999995 0.15540568541938513 0.18397201198698346 0.23882066139059652 0.30028983844751833
7.340999999999999 0.1553906624845377 0.18396399894342844 0.2388170203669733 0.3002883734437658
7.350999999999999 0.15537569397090917 0.18395601888923344 0.23881339469913365 0.3002869146336771
7.360999999999999 0.15536077959648936 0.18394807163950042 0.23880978429908775 0.3002854619816455
7.3709999999999996 0.1553459190811326 0.1839401570106265 0.23880618907947612 0.30028401545232036
7.380999999999999 0.155331112146543 0.1839322748202937 0.2388026089535644 0.3002825750106054
7.390999999999999 0.15531635851625938 0.18392442488745764 0.23879904383523776 0.300281140621656
7.400999999999999 0.15530165791564166 0.18391660703233761 0.23879549363899602 0.30027971225087774
7.411 0.15528701007185539 0.1839088210764055 0.23879195827994812 0.3002782898639239
7.420999999999999 0.15527241471385833 0.18390106684237584 0.23878843767380684 0.300276873426693
7.430999999999999 0.1552578715723861 0.1838933441541953 0.23878493173688425 0.30027546290562507
7.440999999999999 0.15524338037993807 0.1838856528370329 0.23878144038608615 0.30027405826647585
7.451 0.15522894087076367 0.18387799271726912 0.23877796353890698 0.3002726594761949
7.460999999999999 0.15521455278084856 0.18387036362248688 0.2387745011134253 0.30027126650164265
7.470999999999999 0.15520021584790109 0.18386276538146093 0.23877105302829846 0.3002698793099149
7.480999999999999 0.15518592981133886 0.18385519782414844 0.2387676192027581 0.30026849786834003
7.490999999999999 0.15517169441227519 0.1838476607816792 0.23876419955660497 0.3002671221444788
7.5009999999999994 0.15515750939350598 0.18384015408634583 0.23876079401020417 0.30026575210611983
7.510999999999999 0.15514337449949678 0.1838326775715946 0.23875740248448085 0.30026438772133723
7.520999999999999 0.15512928947636945 0.18382523107201573 0.2387540249009151 0.3002630289583205
7.530999999999999 0.15511525407188956 0.18381781442333409 0.2387506611815373 0.3002616757855359
7.5409999999999995 0.15510126803545332 0.18381042746240003 0.23874731124892373 0.3002603281716714
7.550999999999999 0.15508733111807527 0.1838030700271802 0.23874397502619213 0.3002589860856347
7.560999999999999 0.1550734430723755 0.18379574195674833 0.23874065243699671 0.30025764949655187
7.570999999999999 0.15505960365256738 0.18378844309127645 0.2387373434055242 0.3002563183737647
7.5809999999999995 0.15504581261444494 0.18378117327202573 0.23873404785648902 0.3002549926868301
7.590999999999999 0.1550320697153712 0.18377393234133793 0.23873076571512936 0.3002536724055168
7.600999999999999 0.1550183747142654 0.1837667201426263 0.23872749690720219 0.3002523574998051
7.610999999999999 0.15500472737159174 0.18375953652036725 0.23872424135897966 0.3002510479398839
7.6209999999999996 0.15499112744934684 0.1837523813200917 0.23872099899724447 0.3002497436961496
7.630999999999999 0.15497757471104828 0.18374525438837636 0.2387177697492856 0.30024844473920426
7.640999999999999 0.1549640689217229 0.18373815557283546 0.23871455354289434 0.30024715103985383
7.650999999999999 0.15495060984789524 0.18373108472211241 0.23871135030636007 0.3002458625691066
7.661 0.1549371972575761 0.18372404168587145 0.2387081599684661 0.3002445792981712
7.670999999999999 0.1549238309202509 0.18371702631478964 0.2387049824584856 0.30024330119845527
7.680999999999999 0.15491051060686883 0.18371003846054848 0.23870181770617782 0.30024202824156376
7.690999999999999 0.15489723608983152 0.18370307797582605 0.23869866564178402 0.3002407603992973
7.700999999999999 0.15488400714298173 0.18369614471428888 0.23869552619602313 0.30023949764365043
7.710999999999999 0.15487082354159265 0.18368923853058428 0.2386923993000884 0.30023823994681
7.720999999999999 0.15485768506235706 0.18368235928033236 0.2386892848856432 0.300236987281154
7.730999999999999 0.15484459148337637 0.18367550682011818 0.23868618288481736 0.3002357396192496
7.740999999999999 0.15483154258414997 0.18366868100748446 0.23868309323020326 0.30023449693385157
7.7509999999999994 0.1548185381455648 0.18366188170092326 0.2386800158548521 0.30023325919790095
7.760999999999999 0.1548055779498846 0.18365510875986943 0.23867695069227024 0.30023202638452356
7.770999999999999 0.15479266178073964 0.18364836204469207 0.23867389767641525 0.3002307984670283
7.780999999999999 0.1547797894231166 0.18364164141668793 0.23867085674169272 0.30022957541890577
7.7909999999999995 0.15476696066334786 0.1836349467380738 0.2386678278229523 0.3002283572138267
7.800999999999999 0.1547541752891018 0.183628277871979 0.23866481085548402 0.30022714382564064
7.810999999999999 0.15474143308937263 0.18362163468243867 0.23866180577501514 0.3002259352283745
7.820999999999999 0.15472873385447042 0.18361501703438612 0.23865881251770624 0.30022473139623085
7.8309999999999995 0.154716077376011 0.1836084247936462 0.2386558310201479 0.3002235323035867
7.840999999999999 0.1547034634469066 0.183601857826928 0.2386528612193573 0.3002223379249923
7.850999999999999 0.15469089186135576 0.18359531600181775 0.23864990305277461 0.3002211482351695
7.860999999999999 0.15467836241483401 0.18358879921142623 0.2386469564582599 0.30021996320900995
7.8709999999999996 0.15466587490408412 0.18358230725111327 0.23864402137408933 0.30021878282157466
7.880999999999999 0.15465342912710672 0.18357584006501712 0.2386410977389523 0.3002176070480919
7.890999999999999 0.1546410248831509 0.18356939749951195 0.23863818549194776 0.30021643586395624
7.900999999999999 0.15462866197270503 0.1835629794264691 0.2386352845725813 0.30021526924472697
7.910999999999999 0.15461634019748743 0.18355658571859695 0.23863239492076158 0.3002141071661269
7.920999999999999 0.15460405936043728 0.1835502162494342 0.23862951647679734 0.3002129496040411
7.930999999999999 0.15459181926570548 0.18354387089334384 0.23862664918139403 0.30021179653451535
7.940999999999999 0.15457961971864584 0.18353754952550624 0.238623792975651 0.30021064793375546
7.950999999999999 0.15456746052580617 0.18353125202191312 0.2386209478010579 0.3002095037781252
7.960999999999999 0.1545553414949191 0.18352497825936115 0.23861811359949206 0.30020836404414547
7.970999999999999 0.15454326243489394 0.18351872811544587 0.23861529031321507 0.30020722870849326
7.980999999999999 0.15453122315580742 0.1835125014685552 0.23861247788486992 0.3002060977479999
7.990999999999999 0.15451922346889554 0.1835062981978637 0.238609676257478 0.30020497113965017
8.001 0.15450726318654473 0.1835001181833261 0.238606885374436 0.300203848860581
8.010999999999997 0.1544953421222836 0.18349396130567175 0.2386041051795131 0.30020273088808036
8.020999999999999 0.15448346009077446 0.1834878274463983 0.23860133561684801 0.300201617199586
8.030999999999999 0.15447161690780498 0.1834817164877657 0.23859857663094586 0.30020050777268403
8.040999999999999 0.15445981239028003 0.18347562831279082 0.2385958281666756 0.3001994025851082
8.050999999999998 0.15444804635621356 0.18346956280524135 0.2385930901692671 0.3001983016147383
8.060999999999998 0.15443631862472032 0.1834635198496299 0.23859036258430832 0.3001972048395996
8.070999999999998 0.15442462901600795 0.1834574993312086 0.23858764535774224 0.30019611223786086
8.080999999999998 0.154412977351369 0.18345150113596326 0.23858493843586456 0.30019502378783386
8.090999999999998 0.1544013634531731 0.18344552515060797 0.23858224176532059 0.30019393946797235
8.100999999999999 0.154389787144859 0.1834395712625792 0.23857955529310268 0.3001928592568702
8.110999999999999 0.15437824825092683 0.18343363936003057 0.23857687896654753 0.3001917831332612
8.120999999999999 0.15436674659693056 0.1834277293318274 0.23857421273333346 0.30019071107601747
8.130999999999998 0.15435528200947002 0.18342184106754125 0.23857155654147777 0.30018964306414825
8.140999999999998 0.1543438543161838 0.1834159744574444 0.23856891033933408 0.30018857907679924
8.150999999999998 0.15433246334574138 0.18341012939250484 0.2385662740755899 0.30018751909325136
8.160999999999998 0.15432110892783582 0.18340430576438072 0.2385636476992639 0.30018646309291963
8.170999999999998 0.15430979089317637 0.18339850346541536 0.23856103115970323 0.3001854110553522
8.180999999999997 0.15429850907348108 0.18339272238863194 0.23855842440658123 0.3001843629602293
8.190999999999999 0.15428726330146975 0.18338696242772834 0.23855582738989498 0.3001833187873624
8.200999999999999 0.15427605341085646 0.18338122347707228 0.2385532400599625 0.3001822785166927
8.210999999999999 0.15426487923634255 0.18337550543169587 0.23855066236742048 0.3001812421282907
8.220999999999998 0.15425374061360964 0.18336980818729112 0.23854809426322168 0.3001802096023548
8.230999999999998 0.15424263737931257 0.18336413164020463 0.238545535698633 0.3001791809192108
8.240999999999998 0.15423156937107219 0.18335847568743274 0.23854298662523224 0.30017815605931025
8.250999999999998 0.1542205364274688 0.18335284022661671 0.2385404469949065 0.30017713500322984
8.260999999999997 0.15420953838803517 0.18334722515603796 0.2385379167598494 0.30017611773167063
8.270999999999999 0.15419857509324966 0.18334163037461326 0.23853539587255893 0.30017510422545685
8.280999999999999 0.15418764638452964 0.18333605578188963 0.238532884285835 0.3001740944655349
8.290999999999999 0.15417675211419876 0.1833305012780403 0.23853038195277718 0.3001730884329726
8.300999999999998 0.15416589210535162 0.18332496676385962 0.23852788882678258 0.3001720861089581
8.310999999999998 0.15415506621235772 0.18331945214075843 0.23852540486154325 0.3001710874747993
8.320999999999998 0.154144274271142 0.1833139573107596 0.2385229300110443 0.30017009251192234
8.330999999999998 0.15413351614640822 0.1833084821764934 0.23852046422956152 0.3001691012018711
8.340999999999998 0.15412279167559154 0.18330302664119327 0.23851800747165916 0.30016811352630673
8.350999999999997 0.1541121007064981 0.18329759060869089 0.23851555969218785 0.30016712946700563
8.360999999999999 0.15410144308782087 0.18329217398341208 0.23851312084628232 0.30016614900585975
8.370999999999999 0.15409081866913354 0.18328677667037238 0.23851069088935925 0.3001651721248747
8.380999999999998 0.1540802273008847 0.18328139857517264 0.23850826977711553 0.30016419880617
8.390999999999998 0.15406966883439108 0.18327603960399474 0.2385058574655255 0.300163229031977
8.400999999999998 0.1540591431218318 0.18327069966359713 0.23850345391083932 0.3001622627846391
8.410999999999998 0.1540486500162424 0.18326537866131098 0.23850105906958083 0.30016130004661024
8.420999999999998 0.1540381893715085 0.1832600765050356 0.23849867289854562 0.30016034080045434
8.430999999999997 0.15402776104236024 0.1832547931032344 0.2384962953547984 0.3001593850288443
8.440999999999999 0.15401736488436601 0.18324952836493094 0.23849392639567202 0.3001584327225806
8.450999999999999 0.15400700075392698 0.18324428219970457 0.23849156597876445 0.3001574838483887
8.460999999999999 0.15399666850827096 0.18323905451768635 0.2384892140619373 0.30015653838963946
8.470999999999998 0.1539863680054467 0.1832338452295552 0.238486870603314 0.3001555963450968
8.480999999999998 0.15397609910431856 0.18322865424653395 0.2384845355612775 0.3001546576900732
8.490999999999998 0.15396586166456003 0.18322348148038517 0.23848220889446844 0.3001537224078793
8.500999999999998 0.1539556555466491 0.18321832684340736 0.23847989056178345 0.3001527904819293
8.510999999999997 0.1539454806118619 0.1832131902484309 0.23847758052237292 0.30015186189574006
8.520999999999999 0.15393533672226756 0.18320807160881458 0.23847527873563956 0.3001509366329305
8.530999999999999 0.15392522374072254 0.18320297083844123 0.23847298516123597 0.3001500146772207
8.540999999999999 0.15391514153086538 0.18319788785171434 0.2384706997590633 0.30014909601243145
8.550999999999998 0.15390508995711108 0.18319282256355424 0.23846842248926917 0.30014818062248294
8.560999999999998 0.15389506888464607 0.18318777488939408 0.23846615331224585 0.3001472684913945
8.570999999999998 0.15388507817942226 0.1831827447451764 0.23846389218862857 0.3001463596032838
8.580999999999998 0.1538751177081527 0.1831777320473494 0.23846163907929363 0.30014545394236586
8.590999999999998 0.15386518733830554 0.18317273671286335 0.23845939394535687 0.3001445514929527
8.600999999999997 0.15385528693809922 0.18316775865916682 0.23845715674817142 0.30014365223945255
8.610999999999999 0.15384541637649715 0.1831627978042031 0.2384549274493264 0.3001427561663686
8.620999999999999 0.153835575523203 0.18315785406640692 0.23845270601064522 0.30014186325829917
8.630999999999998 0.15382576424865504 0.18315292736470062 0.23845049239418345 0.30014097349993646
8.640999999999998 0.15381598242402153 0.18314801761849087 0.23844828656222755 0.3001400868760659
8.650999999999998 0.15380622992119575 0.18314312474766492 0.23844608847729298 0.3001392033715658
8.660999999999998 0.15379650661279076 0.18313824867258763 0.23844389810212266 0.3001383229714061
8.670999999999998 0.15378681237213482 0.18313338931409762 0.238441715399685 0.30013744566064815
8.680999999999997 0.1537771470732662 0.18312854659350403 0.2384395403331727 0.30013657142444405
8.690999999999999 0.15376751059092877 0.1831237204325833 0.23843737286600095 0.3001357002480358
8.700999999999999 0.1537579028005668 0.18311891075357578 0.2384352129618057 0.30013483211675474
8.710999999999999 0.15374832357832058 0.1831141174791823 0.2384330605844421 0.3001339670160207
8.720999999999998 0.1537387728010212 0.18310934053256092 0.23843091569798308 0.30013310493134165
8.730999999999998 0.15372925034618637 0.18310457983732414 0.23842877826671763 0.30013224584831316
8.740999999999998 0.15371975609201577 0.18309983531753488 0.2384266482551493 0.300131389752617
8.750999999999998 0.1537102899173859 0.1830951068977039 0.23842452562799446 0.30013053663002165
8.760999999999997 0.15370085170184622 0.1830903945027866 0.2384224103501812 0.3001296864663808
8.770999999999997 0.15369144132561408 0.18308569805817956 0.23842030238684747 0.30012883924763284
8.780999999999999 0.1536820586695706 0.1830810174897176 0.23841820170333952 0.3001279949598009
8.790999999999999 0.1536727036152558 0.1830763527236709 0.23841610826521073 0.30012715358899145
8.800999999999998 0.1536633760448648 0.18307170368674164 0.23841402203821974 0.3001263151213941
8.810999999999998 0.1536540758412426 0.18306707030606098 0.23841194298832938 0.30012547954328095
8.820999999999998 0.1536448028878805 0.18306245250918624 0.23840987108170497 0.30012464684100587
8.830999999999998 0.1536355570689113 0.18305785022409776 0.2384078062847127 0.3001238170010042
8.840999999999998 0.1536263382691052 0.18305326337919614 0.2384057485639187 0.3001229900097919
8.850999999999997 0.15361714637386564 0.18304869190329892 0.23840369788608717 0.300122165853965
8.860999999999999 0.15360798126922467 0.18304413572563807 0.2384016542181792 0.3001213445201991
8.870999999999999 0.1535988428418392 0.18303959477585685 0.2383996175273513 0.3001205259952491
8.880999999999998 0.1535897309789868 0.18303506898400715 0.23839758778095396 0.3001197102659479
8.890999999999998 0.15358064556856116 0.18303055828054626 0.23839556494653039 0.30011889731920627
8.900999999999998 0.1535715864990685 0.18302606259633444 0.23839354899181503 0.3001180871420127
8.910999999999998 0.1535625536596233 0.18302158186263218 0.23839153988473247 0.30011727972143243
8.920999999999998 0.15355354693994427 0.18301711601109677 0.23838953759339557 0.3001164750446064
8.930999999999997 0.15354456623035018 0.18301266497378052 0.23838754208610483 0.3001156730987517
8.940999999999999 0.1535356114217563 0.18300822868312705 0.23838555333134628 0.3001148738711605
8.950999999999999 0.15352668240567013 0.18300380707196948 0.23838357129779103 0.3001140773491994
8.960999999999999 0.15351777907418757 0.1829994000735268 0.23838159595429334 0.30011328352030936
8.970999999999998 0.1535089013199891 0.1829950076214022 0.23837962726988943 0.30011249237200477
8.980999999999998 0.1535000490363359 0.18299062964957963 0.2383776652137965 0.30011170389187325
8.990999999999998 0.1534912221170661 0.18298626609242158 0.2383757097554112 0.3001109180675745
9.000999999999998 0.15348242045659075 0.18298191688466625 0.23837376086430834 0.3001101348868407
9.010999999999997 0.1534736439498904 0.1829775819614253 0.23837181851023986 0.30010935433747554
9.020999999999997 0.15346489249251113 0.182973261258181 0.2383698826631334 0.3001085764073536
9.030999999999999 0.153456165980561 0.18296895471078367 0.23836795329309127 0.30010780108442003
9.040999999999999 0.1534474643107062 0.1829646622554493 0.238366030370389 0.30010702835668984
9.050999999999998 0.15343878738016759 0.18296038382875712 0.2383641138654743 0.30010625821224796
9.060999999999998 0.15343013508671696 0.18295611936764683 0.23836220374896577 0.300105490639248
9.070999999999998 0.15342150732867343 0.18295186880941644 0.2383602999916979 0.3001047256259126
9.080999999999998 0.15341290400490007 0.18294763209171955 0.23835840256453736 0.300103963160532
9.090999999999998 0.1534043250148001 0.18294340915256327 0.23835651143865258 0.3001032032314644
9.100999999999997 0.15339577025831375 0.18293919993030558 0.23835462658533424 0.3001024458271351
9.110999999999999 0.15338723963591402 0.18293500436365273 0.2383527479760379 0.30010169093603595
9.120999999999999 0.15337873304860436 0.18293082239165756 0.23835087558238316 0.30010093854672537
9.130999999999998 0.1533702503979142 0.18292665395371643 0.2383490093761526 0.3001001886478273
9.140999999999998 0.15336179158589613 0.1829224989895671 0.2383471493292903 0.3000994412280309
9.150999999999998 0.15335335651512233 0.18291835743928683 0.2383452954139009 0.30009869627609054
9.160999999999998 0.15334494508868135 0.18291422948097105 0.23834344760224888 0.30009795378082477
9.170999999999998 0.15333655721017453 0.1829101143423238 0.23834160586675668 0.3000972137311162
9.180999999999997 0.15332819278371293 0.18290601267747053 0.23833977018000424 0.30009647611591095
9.190999999999997 0.15331985171391396 0.18290192419014073 0.23833794051472762 0.30009574092421815
9.200999999999999 0.15331153390589808 0.1828978488220734 0.23833611684381828 0.3000950081451099
9.210999999999999 0.15330323926528575 0.18289378651533303 0.2383342991403215 0.30009427776772035
9.220999999999998 0.15329496769819392 0.1828897372123078 0.23833248737743581 0.30009354978124536
9.230999999999998 0.15328671911123334 0.18288570085570716 0.23833068152851158 0.30009282417494243
9.240999999999998 0.15327849341150476 0.18288167738855968 0.2383288815670503 0.30009210093812977
9.250999999999998 0.15327029050659632 0.18287766675421085 0.23832708746670317 0.3000913800601863
9.260999999999997 0.15326211030458028 0.18287366889632153 0.23832529920127057 0.3000906615305512
9.270999999999997 0.15325395271400974 0.1828696837588649 0.2383235167447007 0.3000899453387232
9.280999999999999 0.153245817643916 0.1828657112861251 0.23832174007108856 0.30008923147426025
9.290999999999999 0.15323770500380493 0.1828617514226949 0.23831996915467507 0.3000885199267795
9.300999999999998 0.15322961470365462 0.18285780411347363 0.2383182039698463 0.30008781068595664
9.310999999999998 0.1532215466539119 0.18285386930366526 0.23831644449113198 0.3000871037415251
9.320999999999998 0.15321350076548942 0.18284994693877618 0.2383146906932049 0.30008639908327656
9.330999999999998 0.15320547694976305 0.1828460369646135 0.23831294255087998 0.30008569670105967
9.340999999999998 0.15319747511856843 0.18284213932728266 0.23831120003911294 0.3000849965847802
9.350999999999997 0.1531894951841985 0.18283825397318582 0.23830946313299997 0.3000842987244005
9.360999999999999 0.15318153705940038 0.18283438084901957 0.23830773180777604 0.3000836031099389
9.370999999999999 0.15317360065737257 0.18283051990177343 0.23830600603881452 0.30008290973147
9.380999999999998 0.1531656858917621 0.18282667107872735 0.238304285801626 0.3000822185791233
9.390999999999998 0.15315779267666169 0.18282283432745017 0.23830257107185765 0.30008152964308377
9.400999999999998 0.15314992092660706 0.18281900959579786 0.23830086182529178 0.3000808429135908
9.410999999999998 0.15314207055657403 0.1828151968319112 0.2382991580378456 0.3000801583809384
9.420999999999998 0.15313424148197557 0.18281139598421398 0.2382974596855697 0.3000794760354742
9.430999999999997 0.1531264336186596 0.18280760700141155 0.23829576674464756 0.3000787958675998
9.440999999999997 0.15311864688290572 0.18280382983248855 0.2382940791913945 0.3000781178677697
9.450999999999999 0.15311088119142283 0.1828000644267073 0.23829239700225696 0.3000774420264917
9.460999999999999 0.1531031364613463 0.18279631073360583 0.2382907201538113 0.30007676833432567
9.470999999999998 0.15309541261023546 0.18279256870299626 0.2382890486227634 0.30007609678188396
9.480999999999998 0.15308770955607068 0.1827888382849628 0.23828738238594738 0.3000754273598308
9.490999999999998 0.15308002721725106 0.1827851194298603 0.23828572142032498 0.30007476005888173
9.500999999999998 0.15307236551259162 0.18278141208831186 0.23828406570298455 0.30007409486980346
9.510999999999997 0.15306472436132088 0.18277771621120795 0.23828241521114044 0.3000734317834137
9.520999999999997 0.15305710368307812 0.18277403174970397 0.2382807699221321 0.30007277079058065
9.530999999999999 0.15304950339791085 0.1827703586552188 0.23827912981342303 0.3000721118822223
9.540999999999999 0.15304192342627254 0.1827666968794331 0.23827749486260025 0.30007145504930677
9.550999999999998 0.1530343636890197 0.18276304637428759 0.23827586504737328 0.30007080028285177
9.560999999999998 0.15302682410740967 0.18275940709198138 0.23827424034557354 0.3000701475739236
9.570999999999998 0.15301930460309818 0.18275577898497014 0.23827262073515337 0.30006949691363827
9.580999999999998 0.15301180509813658 0.1827521620059647 0.2382710061941852 0.3000688482931594
9.590999999999998 0.15300432551496987 0.18274855610792937 0.23826939670086106 0.30006820170369947
9.600999999999997 0.15299686577643376 0.18274496124407996 0.23826779223349145 0.30006755713651856
9.610999999999997 0.15298942580575264 0.1827413773678826 0.23826619277050481 0.3000669145829244
9.620999999999999 0.15298200552653715 0.1827378044330519 0.2382645982904465 0.3000662740342718
9.630999999999998 0.15297460486278164 0.1827342423935494 0.23826300877197837 0.30006563548196263
9.640999999999998 0.15296722373886198 0.18273069120358207 0.2382614241938777 0.30006499891744554
9.650999999999998 0.15295986207953294 0.18272715081760044 0.2382598445350366 0.3000643643322153
9.660999999999998 0.15295251980992647 0.18272362119029742 0.23825826977446127 0.3000637317178128
9.670999999999998 0.1529451968555487 0.18272010227660654 0.23825669989127116 0.3000631011660824
9.680999999999997 0.15293789314227815 0.18271659403170037 0.23825513486469824 0.3000624723678831
9.690999999999997 0.1529306085963632 0.18271309641098923 0.23825357467408653 0.300061845615665
9.700999999999999 0.15292334326826645 0.18270960937011946 0.23825201929889095 0.3000612208008926
9.710999999999999 0.15291609671343 0.1827061328649718 0.2382504687186769 0.30006059791533246
9.720999999999998 0.1529088692307381 0.1827026668516603 0.23824892291311947 0.3000599769507952
9.730999999999998 0.15290166062405 0.18269921128653055 0.2382473818620028 0.3000593578991361
9.740999999999998 0.15289447082143046 0.18269576612615815 0.2382458455452191 0.30005874075225347
9.750999999999998 0.1528872997513007 0.18269233132734744 0.23824431394276835 0.3000581255020891
9.760999999999997 0.15288014734243655 0.18268890684713002 0.23824278703475735 0.3000575121406281
9.770999999999997 0.1528730135239662 0.1826854926427632 0.23824126480139907 0.30005690065989865
9.780999999999999 0.15286589822536806 0.18268208867172867 0.238239747223012 0.3000562910519709
9.790999999999999 0.1528588013764687 0.182678694891731 0.2382382342800195 0.300055683308958
9.800999999999998 0.1528517229074407 0.1826753112606963 0.23823672595294895 0.3000550774230146
9.810999999999998 0.15284466274880046 0.18267193773677093 0.2382352222224316 0.3000544733863374
9.820999999999998 0.15283762083140637 0.18266857427831976 0.23823372306920107 0.3000538711911643
9.830999999999998 0.1528305970864567 0.18266522084392517 0.23823222847409337 0.30005327082977473
9.840999999999998 0.15282359144548724 0.18266187739238554 0.23823073841804623 0.3000526722944892
9.850999999999997 0.15281660384036988 0.18265854388271377 0.23822925288209784 0.3000520755776684
9.860999999999997 0.1528096342033099 0.1826552202741362 0.23822777184738686 0.3000514806717138
9.870999999999999 0.1528026824668446 0.18265190652609095 0.23822629529515163 0.3000508875690673
9.880999999999998 0.15279574856384096 0.18264860259822696 0.23822482320672939 0.3000502962622102
9.890999999999998 0.1527888324274937 0.1826453084504024 0.2382233555635555 0.30004970674366377
9.900999999999998 0.15278193399132334 0.1826420240426833 0.23822189234716343 0.3000491190059888
9.910999999999998 0.15277505318917442 0.18263874933534258 0.23822043353918335 0.30004853304178486
9.920999999999998 0.15276818995521332 0.18263548428885854 0.23821897912134213 0.30004794884369107
9.930999999999997 0.1527613442239266 0.18263222886391353 0.23821752907546254 0.30004736640438456
9.940999999999997 0.1527545159301189 0.18262898302139285 0.23821608338346245 0.3000467857165812
9.950999999999999 0.15274770500891116 0.1826257467223833 0.2382146420273545 0.30004620677303534
9.960999999999999 0.15274091139573856 0.1826225199281722 0.23821320498924536 0.3000456295665387
9.970999999999998 0.15273413502634903 0.1826193026002457 0.23821177225146897 0.30004505408992105
9.980999999999998 0.15272737583680107 0.18261609470028822 0.23821034379603234 0.30004448033604963
9.990999999999998 0.15272063376346204 0.18261289619018042 0.2382089196054719 0.3000439082978289
