0.001 0.4997500000208333 0.4997500000208333 0.4997500000208333 0.4997500000208333
0.011 0.49725002772883115 0.49725002772883115 0.49725002772883115 0.49725002772883115
0.020999999999999998 0.4947501929289918 0.4947501929289918 0.4947501929289918 0.4947501929289918
0.030999999999999996 0.49225062058619506 0.49225062058619506 0.49225062058619506 0.49225062058619506
0.040999999999999995 0.4897514356128406 0.4897514356128406 0.4897514356128406 0.4897514356128406
0.05099999999999999 0.4872527628438865 0.4872527628438865 0.4872527628438865 0.4872527628438865
0.06099999999999999 0.4847547270119201 0.4847547270119201 0.4847547270119201 0.4847547270119201
0.071 0.4822574527226743 0.4822574527226744 0.48225745272267573 0.4822574527226888
0.08099999999999999 0.4797610646319692 0.47976106463202484 0.47976106463252594 0.47976106463758905
0.09099999999999998 0.4772684695072905 0.47726846957513097 0.47726847018562035 0.4772684762831545
0.10099999999999998 0.47477566254478065 0.4747756626589199 0.47477566368603397 0.47477567394342945
0.11099999999999999 0.4722846075793798 0.4722846077621572 0.4722846094069091 0.4722846258302328
0.12099999999999998 0.46979552915513373 0.4697955294360931 0.4697955319643166 0.4697955572059979
0.13099999999999998 0.4673086604204073 0.4673086608376686 0.46730866459235865 0.46730870207402847
0.141 0.4648242429091134 0.4648242435108472 0.46482424892542434 0.4648243029698953
0.15099999999999997 0.4623425262994952 0.4623425271454941 0.4623425347579366 0.4623426107297438
0.16099999999999998 0.4598637681500276 0.45986376931336653 0.4598637797811451 0.45986388423500174
0.17099999999999999 0.457388233612139 0.4573882351809171 0.4573882492966629 0.4573883901331132
0.18099999999999997 0.45491619511961995 0.4549161971987757 0.4549162159066023 0.45491640253409293
0.19099999999999998 0.4524479320547523 0.45244793476794193 0.45244795918033914 0.45244820268285985
0.20099999999999996 0.44998373039136236 0.44998373388289187 0.4499837652980996 0.4499840786074877
0.21099999999999997 0.447523882315185 0.44752388675198534 0.447523926671753 0.44752432474369597
0.22099999999999997 0.44506868582211284 0.4450686913957466 0.44506874154337606 0.4450692415360971
0.23099999999999996 0.4426184442950869 0.442618451223775 0.4426185135623416 0.4426191350169065
0.24099999999999996 0.4401734660605731 0.4401734745912296 0.44017355134187197 0.44017431636301835
0.25099999999999995 0.4377340639257568 0.4377340743360183 0.4377341679961844 0.43773510143254607
0.26099999999999995 0.4353005546977609 0.4353005672979995 0.4353006806595339 0.43530181028211024
0.27099999999999996 0.43287325868636856 0.4328732738216736 0.4328734099886307 0.4328747666663435
0.28099999999999997 0.4304524991918899 0.4304525172440073 0.43045267965007394 0.43045429752125086
0.291 0.42803860197996463 0.4280386233691798 0.42803881579459313 0.4280407324332292
0.30099999999999993 0.42563189474522267 0.4256319199321751 0.42563214652002157 0.42563440309569045
0.31099999999999994 0.42323270656584616 0.42323273605326306 0.4232330013250496 0.423235642755368
0.32099999999999995 0.4208413673511715 0.4208414016855093 0.4208417105559 0.42084478565049066
0.33099999999999996 0.41845820728455513 0.4184582470575372 0.418458604848155 0.4184621664431076
0.34099999999999997 0.41608355626377785 0.4160836021138176 0.41608401456601685 0.41608811964790615
0.3509999999999999 0.4137177433413056 0.4137177959548062 0.4137182692413271 0.41372297905992095
0.36099999999999993 0.41136109616673416 0.4113611562792546 0.41136169701468095 0.41136707718354804
0.37099999999999994 0.4090139404337396 0.4090140088310208 0.40901462408096856 0.4090207446652831
0.38099999999999995 0.40667659933382544 0.4066766768526679 0.4066773741416428 0.4066843097325748
0.39099999999999996 0.40434939301910605 0.404349480548094 0.4043502678659649 0.4043580976411425
0.4009999999999999 0.40203263807629563 0.402032736556363 0.40203362236340817 0.40204243013303753
0.4109999999999999 0.39972664701397814 0.3997267574388118 0.3997277506693059 0.3997376249076381
0.42099999999999993 0.3974317277651306 0.39743185118140967 0.3974329612457278 0.39744399510766576
0.43099999999999994 0.39514818320674494 0.3951483207142136 0.3951495574994417 0.3951618488221826
0.44099999999999995 0.39287631069825824 0.39287646344963223 0.3928778373186803 0.39289148860839307
0.45099999999999996 0.39061640164035155 0.3906165708410598 0.3906180926302866 0.39063321103392146
0.4609999999999999 0.3883687410555235 0.38836892796328537 0.38837060897865194 0.38838730624107654
0.4709999999999999 0.38613360719167306 0.3861338131159159 0.3861356651276938 0.3861540575344412
0.4809999999999999 0.38391127114976487 0.38391149745088415 0.3839135326869547 0.3839337409929546
0.49099999999999994 0.38170199653647124 0.3817022446249391 0.38170447576272526 0.38172662510747013
0.5009999999999999 0.3795060391425156 0.37950631047784306 0.37950875063492523 0.3795329704445962
0.5109999999999999 0.37732364664726914 0.37732394273682773 0.37732660546030133 0.37735302933744436
0.5209999999999999 0.3751550583499849 0.3751553807476961 0.3751582800023322 0.37518704560373467
0.5309999999999999 0.3730005049278898 0.37300085523278825 0.37300400538806733 0.37303525429153517
0.5409999999999999 0.3708602082211947 0.3708605880758745 0.3708640038919648 0.3708978814527447
0.5509999999999999 0.36873438104298617 0.3687347921319396 0.36873848874664716 0.36877514394427235
0.5609999999999999 0.3666232270274321 0.3666236710752792 0.3666276639803476 0.3666672492567144
0.571 0.3645269404749477 0.36452741924459325 0.36453172428068714 0.36457439537018943
0.581 0.3624457062621617 0.36244622155285144 0.36245085488430306 0.3624967706368648
0.5909999999999999 0.3603796997477637 0.3603802533930773 0.36038523149173185 0.36043455368958405
0.6009999999999999 0.35832908671453134 0.3583296805803102 0.35833502020685376 0.3583879133759012
0.6109999999999999 0.35629402333308924 0.35629465931530974 0.35630037750011173 0.35635700871672993
0.6209999999999999 0.35427465614848597 0.3542753361710882 0.35428145019464163 0.35434198888873075
0.6309999999999999 0.35227112208866107 0.352271848101341 0.35227837547438057 0.3523429932294875
0.6409999999999999 0.35028354849381227 0.35028432246978664 0.3502912809131637 0.3503601512644611
0.6509999999999999 0.3483120531656322 0.34831287709938474 0.3483202845237746 0.34839358275466054
0.6609999999999999 0.34635674443534076 0.3463576203403575 0.34636549482587364 0.3464433977639267
0.6709999999999999 0.34441772124942094 0.3444186511559225 0.34442701093170713 0.3445096967446989
0.6809999999999999 0.34249507327193957 0.3424960592246183 0.3425049226484766 0.3425925706411103
0.691 0.34058888100233076 0.34058992505809893 0.3405993105962412 0.3406921010082477
0.7009999999999998 0.33869921590751484 0.3387003201332719 0.33871024634022234 0.3388083601464072
0.7109999999999999 0.33682614056723237 0.33682730703765584 0.336837792536385 0.3369414112491809
0.7209999999999999 0.33496970883148286 0.33497093962685026 0.3349820030891829 0.33509130856422237
0.7309999999999999 0.3331299659889761 0.333131263193022 0.3331429233203686 0.33325809756555075
0.7409999999999999 0.33130694894552604 0.33130831464334015 0.33132059014779686 0.3314418151362825
0.7509999999999999 0.32950068641134367 0.32950212268731377 0.3295150322731703 0.32964248976069976
0.7609999999999999 0.327711199096217 0.32771270803202096 0.3277262703777141 0.3278601417246018
0.7709999999999999 0.32593849991159773 0.32594008358424886 0.325954317324793 0.32609478332291564
0.7809999999999999 0.3241825941786553 0.3241842546586031 0.3241991783685281 0.3243464190735838
0.7909999999999999 0.3224434798413925 0.3224452191906829 0.32246085136750335 0.32261504593678475
0.8009999999999998 0.320721147683962 0.32072296795445854 0.32073932700269775 0.320900653538585
0.8109999999999998 0.31901558155136306 0.3190174847830314 0.3190345889988173 0.319203224398165
0.8209999999999998 0.31732675857274 0.3173287467919981 0.31734661434824735 0.3175227341578055
0.8309999999999998 0.31565464938654914 0.3156567246046834 0.3156753735368856 0.31585915181486585
0.8409999999999999 0.3139992183669028 0.3140013825785522 0.3140208307711634 0.31421243995503223
0.8509999999999999 0.312360423850444 0.3123626790321521 0.3123829442056055 0.3125825549861583
0.8609999999999999 0.31073821836314586 0.31074056647198217 0.3107616661703185 0.3109694473720651
0.8709999999999999 0.30913254884647634 0.30913499181872633 0.309156943397847 0.30937306186571323
0.8809999999999999 0.3075433568824056 0.30754589663232984 0.30756871724887175 0.30779333774120127
0.8909999999999999 0.3059705789167777 0.3059732173354397 0.3059969239362697 0.30623020902409
0.9009999999999999 0.3044141464806062 0.30441688543476864 0.3044414947470929 0.30468360471959016
0.9109999999999998 0.3028739864088911 0.3028768277399793 0.302902356262062 0.3031534490381934
0.9209999999999998 0.3013500210565914 0.30135296657972427 0.3013794305722072 0.3016396616183635
0.9309999999999998 0.2998421685114244 0.2998452200145103 0.29987263549232546 0.3001421577459433
0.9409999999999998 0.2983503428031944 0.29835350204609234 0.298381884770956 0.2986608485699666
0.9509999999999998 0.29687445410938607 0.29687772282312996 0.29690708829660806 0.2971956413145983
0.9609999999999999 0.2954144089567908 0.29541778884287584 0.2954481523000067 0.2957464394869597
0.9709999999999999 0.2939701104189599 0.29397360314868937 0.29400497955215205 0.2943131430806247
0.9809999999999999 0.2925414583093085 0.2925450655231997 0.29257746955801267 0.29289564877460117
0.9909999999999999 0.2911283493697175 0.29113207267696484 0.291165518745701 0.2914938501276406
1.001 0.28973067745450864 0.2897345184325028 0.2897690206510054 0.290107637767743
1.0109999999999997 0.2883483337096866 0.28835229390358735 0.28838786609717054 0.2887368995767476
1.0209999999999997 0.2869812067473657 0.2869852876697268 0.28702194336984604 0.28738152086992425
1.0309999999999997 0.2856291828153178 0.2856333859457624 0.2856711383871371 0.28604138467062695
1.0409999999999997 0.28429214596159563 0.2842964727465403 0.28433533486471313 0.2847163713790633
1.0509999999999997 0.28296997819420455 0.28297443004663003 0.2830144144759456 0.28340635993785046
1.0609999999999997 0.28166255963580894 0.2816671379350754 0.28170825700706253 0.28211122698984564
1.0709999999999997 0.2803697686734753 0.28037447476518096 0.2804167405073209 0.2808308475327525
1.0809999999999997 0.27909148210346724 0.27909631729934814 0.27913974143421305 0.2795650949678203
1.0909999999999997 0.27782757527111834 0.27783254084898734 0.277877134793732 0.2783138412435632
1.1009999999999998 0.2765779222058219 0.27658301940954527 0.2766287942757361 0.27707695699441265
1.1109999999999998 0.27534239575118286 0.2753476257906927 0.275394592384458 0.2758543116743515
1.1209999999999998 0.27412086769039007 0.27412623174173073 0.27417440056421616 0.27464577368558857
1.1309999999999998 0.2729132088668726 0.2729187080722794 0.2729680893203931 0.2734512105023444
1.1409999999999998 0.27171928930031014 0.2717249247683186 0.2717755283357512 0.2722704887898186
1.1509999999999998 0.2705389782980766 0.2705447511036609 0.2705965865821647 0.2711034745184238
1.1609999999999998 0.26937214456219827 0.26937805574693663 0.26943113242785033 0.2699500330733714
1.1709999999999998 0.26821865629191477 0.2682247068641809 0.2682790337401847 0.26881002935969994
1.1809999999999996 0.26707838128193434 0.26708457221711307 0.2671401579842013 0.26768332790284594
1.1909999999999996 0.2659511870164784 0.2659575192572039 0.26601437231686087 0.2665697929448516
1.2009999999999996 0.2648369407592129 0.26484341521562826 0.2649015436771947 0.26546928853631657
1.2109999999999996 0.26373550963916675 0.26374212718920365 0.26380153887242147 0.2643816786241954
1.2209999999999996 0.26264676073274024 0.2626535222224167 0.2627142246601389 0.2633068271355492
1.2309999999999997 0.2615705611419052 0.2615774673856409 0.26163946782669606 0.2622445980573594
1.2409999999999997 0.2605067780687026 0.2605138298496501 0.2605771352618489 0.2611948555125122
1.2509999999999997 0.25945527888614167 0.2594624769565322 0.259527094029806 0.26015746383206384
1.2609999999999997 0.25841593120560613 0.25842327628710904 0.2584892114367692 0.25913228762389645
1.2709999999999997 0.2573886029408725 0.25739609572496724 0.2574633550950753 0.25811919183787446
1.2809999999999997 0.2563731623688453 0.25638080351720455 0.256449392984044 0.25711804182761067
1.2909999999999997 0.25536947818711236 0.2553772683319957 0.2554471935076354 0.25612870340895094
1.3009999999999997 0.2543774195684256 0.25438535931308215 0.25445662554902254 0.2551510429152848
1.3109999999999997 0.2533968562122065 0.25340494613128645 0.2534775585221805 0.25418492724978914
1.3209999999999997 0.25242765839318004 0.2524358990331531 0.25250986242059337 0.25323022393471006
1.3309999999999997 0.25146969700723454 0.25147808888681544 0.25155340786317937 0.2522868011577858
1.3409999999999997 0.25052284361460686 0.25053138722518614 0.2506080661375331 0.25135452781591505
1.3509999999999998 0.24958697048048742 0.24959566628656782 0.24967370924057947 0.25043327355616773
1.3609999999999998 0.248661950613143 0.24867079905277947 0.24875020991673769 0.24952290881424039
1.3709999999999998 0.2477476577996447 0.24775665928488838 0.24783744169368427 0.2486233048504488
1.3809999999999998 0.24684396663929722 0.24685312155664207 0.2469352789158097 0.24773433378335558
1.3909999999999996 0.2459507525748545 0.24596006128568615 0.24604359677545548 0.24685586862112285
1.4009999999999996 0.24506789192160927 0.24507735476265563 0.24516227134201923 0.2459877832906803
1.4109999999999996 0.2441952618944418 0.24420487917822453 0.24429117958901303 0.24512995266479773
1.4209999999999996 0.24333274063290897 0.24334251264819556 0.24343019941915672 0.24428225258714586
1.4309999999999996 0.2424802072244547 0.24249013423671056 0.2425792096875877 0.24344455989543687
1.4409999999999996 0.24163754172582377 0.2416476239776636 0.24173809022326884 0.24261675244267691
1.4509999999999996 0.2408046251827208 0.24081486289435966 0.2409067218486389 0.241798709116744
1.4609999999999996 0.23998133964788845 0.2399917330175907 0.24008498639767478 0.2409903098581731
1.4709999999999996 0.23916756819752572 0.23917811740205264 0.23927276673229278 0.2401914356763765
1.4809999999999997 0.23836319494623878 0.23837390014129417 0.23846994675727737 0.23940196866430813
1.4909999999999997 0.23756810506053802 0.237578966381211 0.23767641143375318 0.23862179201165068
1.5009999999999997 0.2367821847709569 0.2367932023321622 0.23689204679127518 0.23785079001659434
1.5109999999999997 0.23600532138285393 0.236016495279769 0.23611673993859986 0.237088848096271
1.5209999999999997 0.23523740328596035 0.23524873359445914 0.23535037907319806 0.236335852795908
1.5309999999999997 0.23447831996273014 0.23448980673981323 0.234592853489569 0.23559169179676112
1.5409999999999997 0.23372796199555063 0.23373960527977158 0.23384405358641136 0.23485625392288567
1.5509999999999997 0.23298622107286784 0.23299802088475535 0.23310387087270779 0.2341294291467645
1.5609999999999997 0.23225298999423666 0.23226494633671224 0.23237219797272815 0.23341110859403336
1.5709999999999997 0.23152816267456303 0.23154027553335546 0.23164892863024006 0.2327011845469957
1.5809999999999997 0.23081163414714415 0.23082390349119752 0.23093395771148403 0.231999550447327
1.5909999999999997 0.2301033005660223 0.2301157263479004 0.23022718120749042 0.23130610089806608
1.6009999999999995 0.22940305920763568 0.22941564136392167 0.229528496235683 0.23062073166368074
1.6109999999999995 0.22871080847068026 0.22872354692236932 0.22883780103966944 0.2299433396713966
1.6209999999999996 0.2280264478771526 0.22803934253004243 0.22815499499026393 0.22927382300978455
1.6309999999999996 0.22734987807082277 0.22736292881589695 0.22747997858388624 0.2286120809275678
1.6409999999999996 0.2266810008159194 0.22669420752972586 0.22681265344119816 0.22795801383156816
1.6509999999999996 0.22601971899500845 0.2260330815400325 0.22615292230492823 0.22731152328401014
1.6609999999999996 0.22536593660627027 0.2253794548313021 0.22550068903709342 0.22667251199921748
1.6709999999999996 0.22471955876020988 0.22473323250070676 0.22485585861565408 0.22604088383973941
1.6809999999999996 0.2240804916758331 0.22409432075427577 0.22421833713063405 0.2254165438119397
1.6909999999999996 0.2234486426763198 0.2234626269025634 0.2235880317797377 0.22479939806108046
1.7009999999999996 0.22282392018422553 0.22283805935584483 0.22296485086349477 0.224189353865933
1.7109999999999996 0.2222062337162393 0.22222052761886846 0.22234870377996147 0.22358631963294434
1.7209999999999996 0.2215954938775263 0.22160994228519257 0.22173950101900633 0.22299020488998844
1.7309999999999997 0.22099161235568165 0.2210062150311338 0.22113715415620713 0.2224009202797296
1.7409999999999997 0.22039450191432075 0.22040925860935157 0.22054157584638395 0.2218183775526229
1.7509999999999997 0.21980407638633037 0.21981898684209378 0.21995267981679395 0.22124248955957873
1.7609999999999997 0.2192202506668039 0.2192353146141261 0.2193703808600097 0.22067317024431243
1.7709999999999997 0.21864294070568346 0.21865815786536874 0.21879459482650462 0.2201103346354045
1.7809999999999997 0.21807206350012875 0.21808743358325922 0.21822523861696574 0.21955389883809076
1.7909999999999997 0.21750753708663406 0.21752305979486464 0.2176622301743549 0.21900378002561935
1.8009999999999997 0.21694928053272305 0.21696495555856513 0.2171054884754984 0.2184598964314915
1.8109999999999997 0.2163972139295673 0.21641304095669167 0.2165549335238962 0.2179221673387105
1.8209999999999995 0.21585125838156105 0.2158672370850469 0.21601048633875047 0.21739051307254809
1.8309999999999995 0.2153113359995125 0.21532746604613912 0.2154720689485934 0.21686485499035413
1.8409999999999995 0.21477736989082297 0.21479365093933211 0.2149396043811673 0.21634511547231994
1.8509999999999995 0.21424928415065692 0.2142657158520147 0.21441301665458992 0.21583121791191368
1.8609999999999995 0.21372700385278684 0.21374358585044 0.21389223076814634 0.21532308670618638
1.8709999999999996 0.21321045504031783 0.2132271869704453 0.2133771726929614 0.214820647245964
1.8809999999999996 0.2126995647163045 0.21271644620806335 0.21286776936256455 0.21432382590593807
1.8909999999999996 0.2121942608342724 0.21221129151003887 0.21236394866336022 0.21383255003466733
1.9009999999999996 0.21169447228865648 0.21171165176426185 0.21186563942501543 0.21334674794450326
1.9109999999999996 0.21120012890516643 0.21121745679012802 0.21137277141077515 0.21286634890144918
1.9209999999999996 0.2107111614310914 0.21072863732883862 0.2108852753077179 0.21239128311496588
1.9309999999999996 0.21022750152555253 0.21024512503364806 0.21040308271695907 0.2119214817277317
1.9409999999999996 0.20974908174971377 0.20976685246006965 0.20992612614381406 0.2114568768053684
1.9509999999999996 0.20927583555695958 0.209293753056049 0.20945433898792823 0.21099740132614087
1.9609999999999996 0.20880769728304838 0.20882576115211265 0.208987655533384 0.21054298917064024
1.9709999999999996 0.20834460213624945 0.20836281195150028 0.2085260109387913 0.21009357511145715
1.9809999999999997 0.2078864861874718 0.20790484152028899 0.2080693412273711 0.2096490948028548
1.9909999999999997 0.2074332863603906 0.20745178677751558 0.20761758327703772 0.2092094847704467
2.001 0.20698494042158017 0.20700358548530468 0.2071706748104868 0.2087746824008883
2.0109999999999997 0.2065413869706576 0.20656017623900852 0.2067285543852967 0.20834462593158723
2.0209999999999995 0.20610256543044536 0.20612149845736488 0.20629116138404774 0.20791925444043885
2.0309999999999997 0.20566841603715666 0.20568749237267858 0.205858436004466 0.20749850783559276
2.0409999999999995 0.20523887983061018 0.20525809902103195 0.2054303192495969 0.20708232684525602
2.0509999999999997 0.20481389864447858 0.20483326023252915 0.20500675291801307 0.20667065300753684
2.0609999999999995 0.2043934150965759 0.2044129186215799 0.20458767959406193 0.20626342867679076
2.0709999999999997 0.20397737257918774 0.20399701757722538 0.20417304263815683 0.20586059693128217
2.0809999999999995 0.203565715249449 0.20358550125351266 0.2037627861771165 0.20546210172773716
2.0909999999999997 0.2031583880197728 0.20317831455991908 0.20335685509455595 0.20506788772683882
2.1009999999999995 0.2027553365483339 0.20277540315183284 0.20295519502133313 0.20467790036562167
2.1109999999999998 0.20235650722961054 0.20237671342109043 0.2025577523260541 0.2042920858311958
2.1209999999999996 0.20196184718498733 0.2019821924865764 0.2021644741056406 0.20391039105099587
2.131 0.20157130425342232 0.20159178818488688 0.2017753081759617 0.20353276368310033
2.1409999999999996 0.2011848269821814 0.20120544906106042 0.20139020306253427 0.2031591521066255
2.1509999999999994 0.20080236461764145 0.2008231243593777 0.20100910799129196 0.20278950541219465
2.1609999999999996 0.2004238670961656 0.20044476401423383 0.20063197287942772 0.20242377339248616
2.1709999999999994 0.2000492850350524 0.20007031864108377 0.20025874832631044 0.20206190653286224
2.1809999999999996 0.19967856972356032 0.19969973952746423 0.1998893856044778 0.2017038560020795
2.1909999999999994 0.1993116731140104 0.1993329786240926 0.1995238366507075 0.20134957364308376
2.2009999999999996 0.19894854781296756 0.19896998853604564 0.19916205405716833 0.20099901196389053
2.2109999999999994 0.19858914707250297 0.1986107225140188 0.19880399106265256 0.20065212412855243
2.2209999999999996 0.19823342478153821 0.19825513444566722 0.19844960154389066 0.20030886394821457
2.2309999999999994 0.1978813354572727 0.19790317884703057 0.1980988400069502 0.19996918587225954
2.2409999999999997 0.19753283423669557 0.19755481085404164 0.19775166157871926 0.19963304497954246
2.2509999999999994 0.19718787686818223 0.197209986214121 0.19740802199847618 0.19930039696971766
2.2609999999999997 0.19684641970317776 0.19686866127785663 0.19706787760954514 0.19897119815465641
2.2709999999999995 0.19650841968796656 0.19653079299077186 0.19673118535104 0.19864540544995823
2.2809999999999997 0.19617383435552943 0.19619633888517923 0.19639790274969532 0.19832297636655444
2.2909999999999995 0.1958426218174889 0.1958652570721236 0.19606798791178642 0.19800386900240563
2.3009999999999997 0.19551474075614264 0.19553750623341307 0.19574139951513808 0.1976880420342928
2.3109999999999995 0.1951901504165856 0.19521304561373848 0.1954180968012224 0.1973754547097028
2.3209999999999997 0.19486881059892136 0.19489183501288254 0.1950980395673465 0.19706606683880779
2.3309999999999995 0.19455068165056222 0.19457383477801782 0.19478118815892959 0.1967598387865393
2.3409999999999997 0.19423572445861903 0.19425900579609376 0.19446750346186975 0.1964567314647564
2.3509999999999995 0.1939239004423799 0.19394730948631367 0.19415694689500074 0.1961567063245084
2.3609999999999993 0.1936151715458784 0.19363870779270048 0.19384948040263855 0.19585972534839177
2.3709999999999996 0.19330950023055088 0.19333316317675206 0.19354506644721742 0.19556575104300075
2.3809999999999993 0.1930068494679829 0.19303063861018555 0.19324366800201542 0.1952747464314723
2.3909999999999996 0.19270718273274443 0.19273109756777035 0.1929452485439696 0.19498667504612413
2.4009999999999994 0.19241046399531345 0.19243450402025003 0.19264977204657974 0.19470150092118596
2.4109999999999996 0.1921166577150881 0.19214082242735248 0.19235720297290104 0.19441918858562363
2.4209999999999994 0.19182572883348684 0.1918500177308879 0.19206750626862537 0.19413970305605577
2.4309999999999996 0.19153764276713578 0.1915620553479344 0.1917806473552501 0.19386300982976162
2.4409999999999994 0.1912523654011432 0.19127690116411117 0.19149659212333472 0.1935890748777811
2.4509999999999996 0.19096986308246125 0.19099452152693747 0.19121530692584457 0.19331786463810513
2.4609999999999994 0.19069010261333275 0.19071488323927877 0.19093675857158085 0.19304934600895632
2.4709999999999996 0.19041305124482488 0.1904379535528778 0.19066091431869692 0.19278348634215908
2.4809999999999994 0.19013867667044693 0.19016370016197132 0.19038774186829993 0.19252025343659918
2.4909999999999997 0.18986694701985285 0.18989209119699063 0.19011720935813728 0.19225961553177107
2.5009999999999994 0.1895978308526276 0.1896230952183468 0.1898492853563673 0.19200154130141317
2.5109999999999997 0.18933129715215707 0.18935668121029844 0.18958393885541366 0.1917459998472299
2.5209999999999995 0.18906731531958004 0.18909281857490268 0.18932113926590244 0.19149296069269972
2.5309999999999997 0.18880585516782197 0.18883147712604725 0.1890608564106815 0.191242393776969
2.5409999999999995 0.1885468869157107 0.1885726270835649 0.1888030605189216 0.1909942694488301
2.5509999999999997 0.1882903811821716 0.18831623906742695 0.18854772222029803 0.19074855846078342
2.5609999999999995 0.18803630898050333 0.18806228409201783 0.18829481253925234 0.19050523196318256
2.5709999999999993 0.18778464171273196 0.18781073356048777 0.18804430288933338 0.19026426149846143
2.5809999999999995 0.18753535116404352 0.18756155925918425 0.1877961650676172 0.19002561899544348
2.5909999999999993 0.18728840949729403 0.18731473335216053 0.1875503712492041 0.18978927676373025
2.6009999999999995 0.18704378924759635 0.18707022837576143 0.1873068939817931 0.18955520748817095
2.6109999999999993 0.18680146331698255 0.18682801723328424 0.18706570618033258 0.18932338422340994
2.6209999999999996 0.18656140496914142 0.18658807318971554 0.18682678112174603 0.18909378038851268
2.6309999999999993 0.18632358782423086 0.18635036986654174 0.18659009243973268 0.18886636976166865
2.6409999999999996 0.1860879858537627 0.1861148812366336 0.1863556141196416 0.18864112647497058
2.6509999999999994 0.18585457337556133 0.18588158161920296 0.18612332049341912 0.18841802500926907
2.6609999999999996 0.18562332504879303 0.18565044567483166 0.1858931862346278 0.1881970401891015
2.6709999999999994 0.18539421586906746 0.18542144840057156 0.18566518635353738 0.18797814717769515
2.6809999999999996 0.18516722116360831 0.18519456512511454 0.1854392961922855 0.18776132147204225
2.6909999999999994 0.18494231658649438 0.18496977150403196 0.18521549142010857 0.18754653889804768
2.7009999999999996 0.18471947811396797 0.18474704351508292 0.18499374802864124 0.187333775605747
2.7109999999999994 0.18449868203981218 0.18452635745359014 0.1847740423272839 0.1871230080645952
2.7209999999999996 0.1842799049707945 0.18430768992788243 0.18455635093863704 0.18691421305882405
2.7309999999999994 0.18406312382217643 0.18409101785480408 0.18434065079400247 0.18670736768286836
2.7409999999999997 0.18384831581328875 0.18387631845528862 0.18412691912894952 0.1865024493368595
2.7509999999999994 0.18363545846317095 0.1836635692499977 0.1839151334789461 0.1862994357221853
2.7609999999999997 0.18342452958627417 0.18345274805502318 0.1837052716750538 0.18609830483711592
2.7709999999999995 0.18321550728822722 0.18324383297765234 0.1834973118396854 0.18589903497249485
2.7809999999999993 0.18300836996166459 0.18303680241219508 0.18329123238242542 0.18570160470749336
2.7909999999999995 0.18280309628211538 0.18283163503587202 0.18308701199591138 0.18550599290542857
2.8009999999999993 0.18259966520395296 0.18262830980476355 0.18288462965177577 0.1853121787096436
2.8109999999999995 0.1823980559564036 0.1824268059498178 0.1826840645966482 0.1851201415394491
2.8209999999999993 0.18219824803961496 0.1822271029729181 0.1824852963482161 0.18492986108612602
2.8309999999999995 0.18200022122078144 0.182029180643008 0.18228830469134363 0.18474131730898727
2.8409999999999993 0.1818039555303274 0.1818330189922735 0.18209306967424838 0.18455449043149902
2.8509999999999995 0.18160943125814677 0.1816385983123823 0.1818995716047339 0.18436936093745995
2.8609999999999993 0.181416628949898 0.181445899150778 0.1817077910464793 0.1841859095672377
2.8709999999999996 0.18122552940335443 0.18125490230702976 0.18151770881538257 0.18400411731406227
2.8809999999999993 0.18103611366480823 0.18106558882923574 0.1813293059759591 0.18382396542037463
2.8909999999999996 0.18084836302552815 0.1808779400104803 0.18114256383779342 0.1836454353742288
2.9009999999999994 0.18066225901826977 0.18069193738534353 0.1809574639520439 0.18346850890575478
2.9109999999999996 0.18047778341383744 0.18050756272646293 0.1807739881079992 0.1832931679836656
2.9209999999999994 0.18029491821769317 0.18032479804114124 0.18059211832968114 0.18311939481182246
2.9309999999999996 0.18011364566663698 0.1801436255680269 0.18041183687252188 0.18294717182585044
2.9409999999999994 0.17993394822549852 0.17996402777380466 0.18023312622004767 0.1827764816898057
2.9509999999999996 0.17975580858391185 0.17978598734997026 0.18005596908065097 0.18260730729289248
2.9609999999999994 0.17957920965312427 0.1796094872096382 0.17988034838439296 0.18243963174623032
2.9709999999999996 0.1794041345628538 0.17943451048439957 0.17970624727985768 0.1822734383796697
2.9809999999999994 0.1792305666581953 0.179261040521227 0.17953364913105263 0.1821087107386561
2.990999999999999 0.17905848949657152 0.17908906087942547 0.17936253751435585 0.18194543258114135
3.0009999999999994 0.1788878868447305 0.17891855532762974 0.17919289621550927 0.18178358787454185
3.0109999999999992 0.1787187426757877 0.17874950784084498 0.1790247092266559 0.18162316079274302
3.0209999999999995 0.17855104116631162 0.17858190259753348 0.17885796074342258 0.18146413571314857
3.0309999999999993 0.1783847666934547 0.17841572397674363 0.17869263516204578 0.18130649721377523
3.0409999999999995 0.17821990383212516 0.1782509565552826 0.1785287170765405 0.1811502300703909
3.0509999999999993 0.17805643735220267 0.17808758510493083 0.17836619127591188 0.18099531925369627
3.0609999999999995 0.17789435221579492 0.17792559458969873 0.17820504274140822 0.18084174992654947
3.0709999999999993 0.1777336335745356 0.17776497016312393 0.17804525664381554 0.18068950744123244
3.0809999999999995 0.17757426676692262 0.17760569716560942 0.17788681834079226 0.18053857733675893
3.0909999999999993 0.17741623731570022 0.17744776112180527 0.1777297133742473 0.18038894533621352
3.1009999999999995 0.1772595309252531 0.17729114773800242 0.17757392746773448 0.18024059734416803
3.1109999999999993 0.17710413347910758 0.1771358428996336 0.17741944652394567 0.1800935194440837
3.1209999999999996 0.17695003103738977 0.1769818326687309 0.1772662566221689 0.1799476978957873
3.1309999999999993 0.17679720983436728 0.17682910328146773 0.17711434401582676 0.1798031191329765
3.1409999999999996 0.17664565627601828 0.1766776411457269 0.1769636951300421 0.1796597697607637
3.1509999999999994 0.17649535693763577 0.17652743283870526 0.17681429655924014 0.17951763655325642
3.1609999999999996 0.1763462985614689 0.17637846510455454 0.17666613506478704 0.17937670645117512
3.1709999999999994 0.17619846805439904 0.1762307248520568 0.1765191975726629 0.1792369665595064
3.1809999999999996 0.17605185248565014 0.17608419915233509 0.17637347117117033 0.179098404145316
3.1909999999999994 0.1759064390845343 0.17593887523659835 0.1762289431086771 0.17896100663498693
3.200999999999999 0.17576221523834284 0.17579474049403304 0.17608560079150837 0.17882476161268873
3.2109999999999994 0.17561916848971615 0.17565178246917082 0.17594343178130126 0.17868965681770838
3.220999999999999 0.17547728653513667 0.17550998886038377 0.17580242379351513 0.17855568014238776
3.2309999999999994 0.17533655722238395 0.17536934751733776 0.17566256469487154 0.17842281962998227
3.240999999999999 0.1751969685485462 0.17522984643900416 0.1755238425013668 0.17829106347255155
3.2509999999999994 0.17505850865795916 0.17509147377159848 0.17538624537620925 0.1781604000088818
3.2609999999999992 0.1749211658401772 0.17495421780655115 0.17524976162778816 0.17803081772244012
3.2709999999999995 0.1747849285279734 0.17481806697850766 0.17511437970767196 0.17790230523935857
3.2809999999999993 0.17464978529537023 0.17468300986335897 0.17498008820863745 0.17777485132645007
3.2909999999999995 0.17451572485569916 0.17454903517630074 0.1748468758627271 0.17764844488925272
3.3009999999999993 0.1743827360596893 0.17441613176992204 0.17471473153933648 0.17752307497010456
3.3109999999999995 0.1742508078935842 0.17428428863232207 0.17458364424332953 0.17739873074624696
3.3209999999999993 0.1741199294772871 0.174153494885255 0.1744536031131819 0.17727540152795643
3.3309999999999995 0.17399009006253352 0.17402373978230234 0.17432459741915202 0.17715307675670455
3.3409999999999993 0.17386127903109067 0.17389501270707247 0.1741966165614794 0.17703174600334565
3.3509999999999995 0.17373348589298382 0.17376730317142702 0.1740696500686097 0.17691139896633176
3.3609999999999993 0.1736067002847495 0.17364060081373334 0.17394368759544576 0.1767920254699536
3.3709999999999996 0.17348091196771342 0.17351489539714274 0.17381871892162526 0.17667361546260932
3.3809999999999993 0.17335611082629518 0.17339017680789495 0.17369473394982343 0.1765561590150976
3.3909999999999996 0.17323228686633674 0.17326643505364656 0.1735717227040808 0.17643964631893752
3.4009999999999994 0.17310943021345687 0.17314366026182523 0.1734496753281562 0.17632406768471282
3.4109999999999996 0.1729875311114292 0.17302184267800752 0.17332858208390375 0.17620941354044126
3.4209999999999994 0.17286657992058418 0.17290097266432114 0.17320843334967376 0.17609567442996824
3.430999999999999 0.17274656711623493 0.17278104069787026 0.17308921961873783 0.17598284101138423
3.4409999999999994 0.1726274832871263 0.17266203736918473 0.17297093149773646 0.17587090405546613
3.450999999999999 0.17250931913390646 0.17254395338069145 0.17285355970514996 0.17575985444414152
3.4609999999999994 0.17239206546762123 0.17242677954520877 0.17273709506979196 0.1756496831689759
3.470999999999999 0.17227571320823068 0.1723105067844627 0.17262152969006417 0.17554038132968247
3.4809999999999994 0.17216025338314714 0.17219512612762503 0.17250685112879705 0.17543194013265398
3.490999999999999 0.1720456771257949 0.17208062870987323 0.17239305401920244 0.17532435088951648
3.5009999999999994 0.17193197567419138 0.17196700577097088 0.17228012845605983 0.17521760501570435
3.5109999999999992 0.17181914036954832 0.17185424865386933 0.1721680657980142 0.1751116940290567
3.5209999999999995 0.17170716265489425 0.17174234880333003 0.17205685750545802 0.17500660954843414
3.5309999999999993 0.17159603407371654 0.17163129776456618 0.17194649513917304 0.17490234329235665
3.5409999999999995 0.1714857462686238 0.1715210871819054 0.17183697035899165 0.174798887077661
3.5509999999999993 0.17137629098002738 0.1714117087974711 0.17172827492247797 0.17469623281817823
3.5609999999999995 0.17126766004484234 0.17130315444988328 0.1716204006836284 0.174594372523636
3.5709999999999993 0.17115984539520734 0.17119541607297845 0.17151333959159062 0.17449329829740695
3.5809999999999995 0.171052839057391 0.17108848569471388 0.17140708368954782 0.17439300233689864
3.5909999999999993 0.17094663314974753 0.17098235543513104 0.17130162511275696 0.17429347693108085
3.6009999999999995 0.17084121988287418 0.1708770175065017 0.1711969560885876 0.17419471446006837
3.6109999999999993 0.17073659155737236 0.17077246421109626 0.1710930689343571 0.1740967073922113
3.6209999999999996 0.1706327405633763 0.17066868794071458 0.1709899560568822 0.17399944828515457
3.6309999999999993 0.17052965937782041 0.17056568117393775 0.1708876099495866 0.1739029297833513
3.640999999999999 0.1704273405653609 0.1704634364770724 0.17078602319365427 0.17380714461718863
3.6509999999999994 0.17032577677601962 0.1703619465017795 0.17068518845552294 0.17371208560184712
3.660999999999999 0.1702249607443262 0.17026120398422073 0.17058509848606265 0.17361774563617682
3.6709999999999994 0.1701248852882125 0.17016120174395222 0.17048574611946926 0.17352411770158982
3.680999999999999 0.17002554330792216 0.17006193268283445 0.17038712427217426 0.17343119486096872
3.6909999999999994 0.16992692778493623 0.16996338978395772 0.17028922594176996 0.17333897025759148
3.700999999999999 0.1698290317809144 0.16986556611058334 0.17019204420595035 0.17324743711407123
3.7109999999999994 0.16973184843665112 0.1697684548050997 0.1700955722214672 0.1731565887313123
3.720999999999999 0.1696353709710468 0.1696720490879937 0.16999980322310118 0.17306641848748033
3.7309999999999994 0.16953959268009425 0.16957634225683677 0.16990473052264776 0.17297691983698893
3.740999999999999 0.16944450693587876 0.16948132768528532 0.16981034750791746 0.17288808630949912
3.7509999999999994 0.16935010718559346 0.16938699882209585 0.16971664764175104 0.17279991150893476
3.7609999999999992 0.16925638695056802 0.16929334919015365 0.16962362446104784 0.17271238911251136
3.7709999999999995 0.16916333982531176 0.16920037238551597 0.16953127157580902 0.17262551286977953
3.7809999999999993 0.16907095947656992 0.16910806207646834 0.16943958266819376 0.17253927660168156
3.7909999999999995 0.168979239642394 0.16901641200259465 0.16934855149158934 0.17245367419962213
3.8009999999999993 0.16888817413122456 0.16892541597386027 0.1692581718696941 0.17236869962455215
3.8109999999999995 0.16879775682098794 0.16883506786970862 0.16916843769561407 0.17228434690606595
3.8209999999999993 0.16870798165820527 0.16874536163816997 0.16907934293097168 0.17220061014151125
3.8309999999999995 0.16861884265711402 0.16865629129498344 0.16899088160502773 0.17211748349511177
3.8409999999999993 0.16853033389880268 0.1685678509227312 0.1689030478138158 0.17203496119710307
3.850999999999999 0.16844244953035686 0.16848003466998485 0.16881583571928838 0.17195303754287988
3.8609999999999993 0.16835518376401798 0.16839283675046424 0.16872923954847574 0.1718717068921563
3.870999999999999 0.16826853087635413 0.16830625144220773 0.1686432535926565 0.17179096366813762
3.8809999999999993 0.16818248520744145 0.16822027308675447 0.1685578722065397 0.17171080235670408
3.890999999999999 0.16809704116005866 0.16813489608833815 0.16847308980745856 0.17163121750560636
3.9009999999999994 0.1680121931988917 0.16805011491309202 0.16838890087457592 0.17155220372367236
3.910999999999999 0.16792793584975022 0.16796592408826522 0.16830529994810012 0.17147375568002518
3.9209999999999994 0.1678442636987945 0.16788231820145005 0.16822228162851288 0.1713958681033126
3.930999999999999 0.16776117139177396 0.16779929189982015 0.1681398405758071 0.17131853578094702
3.9409999999999994 0.16767865363327583 0.16771683988937902 0.1680579715087361 0.17124175355835633
3.950999999999999 0.16759670518598438 0.16763495693421987 0.16797666920407275 0.17116551633824584
3.9609999999999994 0.16751532086995072 0.1675536378557949 0.16789592849587964 0.17108981907986948
3.970999999999999 0.16743449556187262 0.1674728775321954 0.1678157442747889 0.1710146567983128
3.9809999999999994 0.16735422419438442 0.16739267089744136 0.16773611148729214 0.17094002456378474
3.990999999999999 0.167274501755357 0.1673130129407821 0.16765702513504085 0.17086591750092026
4.0009999999999994 0.16719532328720715 0.16723389870600486 0.16757848027415573 0.17079233078809236
4.011 0.1671166838862171 0.16715532329075478 0.16750047201454632 0.1707192596567338
4.021 0.16703857870186262 0.16707728184586315 0.16742299551923973 0.17064669939066845
4.031 0.16696100293615151 0.1669997695746855 0.1673460460037186 0.1705746453254521
4.0409999999999995 0.1668839518429703 0.16692278173244882 0.1672696187352689 0.17050309284772203
4.051 0.16680742072744062 0.1668463136256074 0.1671937090323356 0.1704320373945562
4.061 0.16673140494528438 0.16677036061120837 0.16711831226388849 0.1703614744528414
4.071 0.1666558999021971 0.1666949180962652 0.167043423848796 0.17029139955864941
4.0809999999999995 0.16658090105323095 0.16661998153714025 0.1669690392552078 0.17022180829662303
4.090999999999999 0.1665064039021853 0.16654554643893582 0.16689515399994614 0.17015269629936974
4.101 0.16643240400100615 0.16647160835489336 0.16682176364790535 0.17008405924686415
4.111 0.1663588969491938 0.16639816288580134 0.16674886381145956 0.17001589286585878
4.1209999999999996 0.1662858783932185 0.1663252056794105 0.1666764501498787 0.1699481929415358
4.130999999999999 0.16621334402594407 0.16625273242985816 0.1666045183687526 0.16988095525576882
4.141 0.16614128958605953 0.16618073887709947 0.1665330642194227 0.16981417570888815
4.151 0.1660697108680149 0.16610922081684354 0.166462083508918 0.16974785019679298
4.161 0.165998603668987 0.1660381740475171 0.1663915720469207 0.16968197467156698
4.170999999999999 0.1659279638932959 0.16596759447468615 0.16632152575018444 0.16961654512870292
4.181 0.1658577874469052 0.1658974780055506 0.16625194053703313 0.1695515576065682
4.191 0.1657880702893722 0.1658278206008976 0.16618281237931226 0.16948700818587756
4.201 0.16571880842282816 0.16575861826408111 0.16611413729136926 0.169422892989173
4.210999999999999 0.16564999789146198 0.16568986704050545 0.16604591132953753 0.16935920818031058
4.221 0.1655816347810108 0.16562156301711617 0.16597813059162728 0.16929594996395483
4.231 0.16551371521825753 0.1655537023218976 0.1659107912164233 0.1692331145850796
4.241 0.1654462353705351 0.16548628112337668 0.16584388938318947 0.16917069832847567
4.2509999999999994 0.16537919144523747 0.16541929563013483 0.16577742131118023 0.1691086975182657
4.261 0.1653125796893373 0.16535274209032472 0.16571138325915846 0.16904710851742483
4.271 0.1652463963889098 0.165286616791195 0.16564577152491958 0.16898592772730872
4.281 0.16518063786866333 0.16522091605862033 0.16558058244482254 0.16892515158718738
4.2909999999999995 0.16511530049147646 0.1651556362566386 0.16551581239332694 0.16886477657378562
4.300999999999999 0.1650503806579403 0.16509077378699355 0.16545145778253625 0.1688047992008296
4.311 0.16498587480590837 0.16502632508868426 0.1653875150617472 0.1687452160185997
4.321 0.16492177941005112 0.16496228663752027 0.16532398071700524 0.168686023613489
4.3309999999999995 0.16485809098141752 0.16489865494568234 0.16526085127066611 0.16862721860756832
4.340999999999999 0.16479480606700153 0.16483542656129008 0.16519812328096295 0.16856879765815672
4.351 0.16473192124931532 0.16477259806797398 0.16513579334157916 0.1685107574573977
4.361 0.16466943314596727 0.16471016608445446 0.16507385808122765 0.16845309473184156
4.3709999999999996 0.16460733840924607 0.16464812726412556 0.16501231416323459 0.16839580624203274
4.380999999999999 0.16454563372571054 0.16458647829464448 0.16495115828512963 0.16833888878210346
4.391 0.16448431581578415 0.16452521589752697 0.16489038717824112 0.16828233917937202
4.401 0.1644233814333557 0.1644643368277471 0.1648299976072966 0.16822615429394697
4.411 0.16436282736538493 0.16440383787334353 0.1647699863700291 0.16817033101833634
4.420999999999999 0.164302650431513 0.16434371585502994 0.16471035029678788 0.16811486627706232
4.431 0.1642428474836789 0.16428396762581124 0.164651086250155 0.16805975702628081
4.441 0.16418341540574025 0.1642245900706045 0.16459219112456663 0.16800500025340617
4.451 0.16412435111309936 0.16416558010586518 0.16453366184593937 0.16795059297674092
4.460999999999999 0.1640656515523341 0.16410693467921786 0.16447549537130146 0.1678965322451103
4.471 0.16400731370083377 0.16404865076909217 0.16441768868842888 0.16784281513750193
4.481 0.16394933456643948 0.16399072538436338 0.1643602388154863 0.1677894387627098
4.491 0.1638917111870895 0.16393315556399757 0.16430314280067257 0.16773640025898337
4.5009999999999994 0.16383444063046929 0.16387593837670175 0.164246397721871 0.16768369679368123
4.510999999999999 0.16377751999366563 0.163819070920578 0.16419000068630418 0.1676313255629289
4.521 0.16372094640282592 0.1637625503227829 0.16413394883019305 0.1675792837912818
4.531 0.16366471701282115 0.16370637373919047 0.16407823931842086 0.16752756873139227
4.5409999999999995 0.16360882900691429 0.16365053835406065 0.16402286934420135 0.16747617766368095
4.550999999999999 0.16355327959643168 0.16359504137971057 0.16396783612875077 0.16742510789601248
4.561 0.16349806602043998 0.1635398800561916 0.16391313692096499 0.16737435676337567
4.571 0.16344318554542628 0.16348505165096977 0.16385876899710017 0.16732392162756768
4.5809999999999995 0.16338863546498297 0.16343055345861018 0.16380472966045773 0.16727379987688215
4.590999999999999 0.16333441309949656 0.1633763828004662 0.16375101624107355 0.16722398892580184
4.601 0.16328051579584027 0.16332253702437186 0.16369762609541091 0.1671744862146947
4.611 0.16322694092707057 0.1632690135043389 0.16364455660605767 0.16712528920951467
4.6209999999999996 0.16317368589212844 0.1632158096402573 0.16359180518142713 0.16707639540150557
4.630999999999999 0.16312074811554317 0.16316292285759987 0.163539369255463 0.16702780230690928
4.641 0.1630681250471409 0.16311035060713025 0.1634872462873476 0.1669795074666775
4.651 0.16301581416175664 0.16305809036461533 0.1634354337612146 0.16693150844618765
4.661 0.16296381295894996 0.16300613963054084 0.163383929185865 0.16688380283496176
4.670999999999999 0.1629121189627242 0.16295449592983047 0.16333273009448643 0.1668363882463896
4.681 0.16286072972124935 0.16290315681156917 0.16328183404437674 0.16678926231745514
4.691 0.16280964280658888 0.16285211984872944 0.16323123861667066 0.16674242270846645
4.701 0.16275885581442917 0.16280138263790117 0.16318094141606998 0.16669586710278914
4.710999999999999 0.162708366363813 0.16275094279902524 0.16313094007057732 0.16664959320658337
4.720999999999999 0.1626581720968765 0.16270079797513037 0.16308123223123325 0.16660359874854413
4.731 0.162608270678589 0.16265094583207276 0.1630318155718564 0.16655788147964462
4.741 0.16255865979649653 0.16260138405828006 0.16298268778878758 0.16651243917288325
4.7509999999999994 0.16250933716046848 0.16255211036449774 0.16293384660063645 0.1664672696230339
4.760999999999999 0.16246030050244722 0.16250312248353882 0.16288528974803176 0.16642237064639875
4.771 0.1624115475762014 0.16245441817003742 0.16283701499337466 0.1663777400805654
4.781 0.1623630761570816 0.1624059952002041 0.16278902012059496 0.1663333757841657
4.7909999999999995 0.16231488404178004 0.16235785137158576 0.1627413029349109 0.1662892756366388
4.800999999999999 0.16226696904809226 0.1623099845028274 0.16269386126259144 0.16624543753799656
4.811 0.1622193290146826 0.16226239243343776 0.16264669295072182 0.16620185940859228
4.821 0.1621719618008524 0.16221507302355692 0.16259979586697204 0.16615853918889206
4.8309999999999995 0.16212486528631054 0.16216802415372775 0.162553167899368 0.16611547483924918
4.840999999999999 0.16207803737094792 0.16212124372466982 0.162506806956066 0.16607266433968146
4.851 0.16203147610613552 0.16207472978883938 0.1624607109651296 0.16603010568965126
4.861 0.16198517903689535 0.16202847989129168 0.16241487787430942 0.16598779690784832
4.8709999999999996 0.16193914451690003 0.16198249238729814 0.1623693056508257 0.16594573603197518
4.880999999999999 0.1618933703930404 0.16193676512429622 0.16232399228115355 0.1659039211185357
4.891 0.16184785466282164 0.16189129610059458 0.16227893577081093 0.16586235024262558
4.901 0.16180259534263225 0.1618460833333801 0.16223413414414925 0.1658210214977263
4.911 0.16175759046753624 0.16180112485851042 0.1621895854441463 0.16577993299550092
4.920999999999999 0.1617128380910692 0.1617564187303098 0.16214528773220235 0.16573908286559288
4.930999999999999 0.16166833628503574 0.16171196302136653 0.162101239087938 0.16569846925542714
4.941 0.1616240831393102 0.1616677558223341 0.16205743760899513 0.16565809033001372
4.951 0.16158007676163957 0.16162379524173356 0.1620138814108402 0.16561794427175391
4.960999999999999 0.16153631527744855 0.16158007940575886 0.16197056862656956 0.16557802928024876
4.970999999999999 0.16149279682964754 0.16153660645808515 0.16192749740671783 0.16553834357210995
4.981 0.16144951957844256 0.16149337455967838 0.16188466591906794 0.16549888538077276
4.991 0.16140648170114782 0.16145038188860783 0.16184207234846407 0.16545965295631207
5.0009999999999994 0.16136368139200016 0.16140762663986105 0.16179971489662656 0.16542064456525984
5.010999999999999 0.16132111686197625 0.16136510702516058 0.16175759178196916 0.1653818584904252
5.021 0.16127878633861165 0.16132282127278327 0.16171570123941853 0.16534329303071685
5.031 0.16123668806582223 0.1612807676273819 0.16167404152023587 0.16530494650096733
5.0409999999999995 0.1611948203037281 0.1612389443498085 0.16163261089184108 0.16526681723175987
5.050999999999999 0.16115318132847856 0.16119734971694036 0.16159140763763838 0.165228903569257
5.061 0.16111176943208078 0.16115598202150774 0.1615504300568447 0.16519120387503167
5.071 0.16107058292222923 0.16111483957192393 0.16150967646431982 0.16515371652589958
5.0809999999999995 0.16102962012213778 0.16107392069211707 0.16146914519039857 0.16511643991375483
5.090999999999999 0.16098887937037387 0.16103322372136453 0.1614288345807254 0.16507937244540646
5.101 0.16094835902069435 0.16099274701412875 0.16138874299609043 0.16504251254241764
5.111 0.1609080574418837 0.16095248893989542 0.1613488688122679 0.16500585864094666
5.1209999999999996 0.16086797301759365 0.16091244788301318 0.1613092104198562 0.1649694091915895
5.130999999999999 0.1608281041461856 0.160872622242536 0.16126976622412034 0.16493316265922506
5.140999999999999 0.1607884492405738 0.16083301043206655 0.16123053464483586 0.1648971175228613
5.151 0.16074900672807152 0.16079361087960214 0.16119151411613472 0.16486127227548425
5.161 0.16070977505023834 0.16075442202738235 0.16115270308635316 0.16482562542390833
5.170999999999999 0.16067075266272943 0.16071544233173798 0.16111410001788135 0.16479017548862793
5.180999999999999 0.16063193803514694 0.16067667026294283 0.1610757033870147 0.1647549210036723
5.191 0.16059332965089265 0.16063810430506612 0.16103751168380723 0.1647198605164605
5.201 0.16055492600702284 0.16059974295582743 0.1609995234119263 0.1646849925876592
5.210999999999999 0.16051672561410463 0.16056158472645324 0.16096173708850944 0.1646503157910418
5.220999999999999 0.16047872699607407 0.16052362814153473 0.16092415124402268 0.16461582871334943
5.231 0.16044092869009594 0.160485871738888 0.16088676442212055 0.16458152995415307
5.241 0.1604033292464254 0.1604483140694154 0.160849575179508 0.16454741812571821
5.2509999999999994 0.16036592722827075 0.16041095369696842 0.16081258208580357 0.1645134918528704
5.260999999999999 0.16032872121165853 0.160373789198213 0.16077578372340448 0.16447974977286264
5.271 0.16029170978529947 0.1603368191624952 0.1607391786873531 0.16444619053524454
5.281 0.16025489155045683 0.16030004219170982 0.16070276558520535 0.16441281280173264
5.2909999999999995 0.16021826512081555 0.1602634569001694 0.16066654303690028 0.16437961524608288
5.300999999999999 0.16018182912235326 0.16022706191447536 0.16063050967463108 0.16434659655396366
5.311 0.16014558219321293 0.1601908558733907 0.16059466414271834 0.1643137554228315
5.321 0.16010952298357684 0.1601548374277139 0.16055900509748403 0.1642810905618073
5.3309999999999995 0.16007365015554198 0.16011900524015435 0.160523531207127 0.16424860069155459
5.340999999999999 0.16003796238299725 0.1600833579852096 0.16048824115160087 0.16421628454415876
5.350999999999999 0.1600024583515016 0.16004789434904348 0.16045313362249183 0.16418414086300837
5.361 0.15996713675816365 0.16001261302936615 0.16041820732289946 0.16415216840267716
5.3709999999999996 0.15993199631152358 0.1599775127353152 0.16038346096731756 0.16412036592880785
5.380999999999999 0.15989703573143518 0.15994259218733847 0.16034889328151752 0.16408873221799744
5.390999999999999 0.15986225374894977 0.15990785011707753 0.16031450300243194 0.1640572660576832
5.401 0.15982764910620204 0.15987328526725395 0.16028028887804094 0.16402596624603086
5.411 0.159793220556296 0.15983889639155488 0.16024624966725823 0.1639948315918235
5.420999999999999 0.1597589668631935 0.15980468225452168 0.16021238413981975 0.16396386091435178
5.430999999999999 0.15972488680160324 0.15977064163143923 0.16017869107617336 0.16393305304330608
5.441 0.15969097915687128 0.15973677330822622 0.16014516926736908 0.1639024068186689
5.451 0.15965724272487297 0.15970307608132708 0.16011181751495152 0.16387192109060936
5.460999999999999 0.15962367631190585 0.15966954875760503 0.16007863463085287 0.1638415947193783
5.470999999999999 0.15959027873458412 0.1596361901542365 0.1600456194372878 0.1638114265752054
5.481 0.15955704881973382 0.1596029990986064 0.16001277076664872 0.16378141553819647
5.491 0.15952398540428994 0.15956997442820514 0.159980087461403 0.1637515604982329
5.5009999999999994 0.15949108733519404 0.1595371149905262 0.15994756837399116 0.16372186035487138
5.510999999999999 0.1594583534692933 0.15950441964296572 0.15991521236672585 0.16369231401724582
5.521 0.15942578267324076 0.15947188725272202 0.15988301831169235 0.16366292040396918
5.531 0.1593933738233968 0.15943951669669762 0.15985098509065043 0.16363367844303764
5.5409999999999995 0.15936112580573145 0.15940730686140125 0.1598191115949366 0.16360458707173484
5.550999999999999 0.15932903751572794 0.15937525664285196 0.15978739672536832 0.16357564523653806
5.560999999999999 0.15929710785828768 0.15934336494648327 0.15975583939214863 0.16354685189302495
5.571 0.15926533574763557 0.15931163068704932 0.15972443851477222 0.1635182060057814
5.5809999999999995 0.15923372010722742 0.1592800527885318 0.15969319302193255 0.16348970654831085
5.590999999999999 0.15920225986965716 0.15924863018404745 0.15966210185142987 0.1634613525029439
5.600999999999999 0.15917095397656636 0.15921736181575744 0.15963116395008034 0.1634331428607498
5.611 0.15913980137855396 0.15918624663477723 0.1596003782736264 0.16340507662144843
5.6209999999999996 0.15910880103508718 0.15915528360108736 0.15956974378664762 0.16337715279332324
5.630999999999999 0.1590779519144137 0.15912447168344587 0.1595392594624733 0.1633493703931357
5.640999999999999 0.15904725299347452 0.15909380985930086 0.15950892428309538 0.1633217284460399
5.651 0.15901670325781797 0.15906329711470502 0.15947873723908282 0.16329422598549906
5.661 0.15898630170151448 0.1590329324442298 0.15944869732949632 0.16326686205320215
5.670999999999999 0.15895604732707283 0.15900271485088216 0.15941880356180496 0.16323963569898206
5.680999999999999 0.1589259391453565 0.15897264334602085 0.15938905495180283 0.1632125459807343
5.691 0.15889597617550197 0.15894271694927434 0.1593594505235273 0.163185591964337
5.701 0.15886615744483693 0.15891293468845985 0.1593299893091774 0.1631587727235714
5.710999999999999 0.15883648198879996 0.15888329559950207 0.1593006703490342 0.16313208734004325
5.720999999999999 0.1588069488508614 0.15885379872635483 0.1592714926913811 0.1631055349031059
5.731 0.15877755708244415 0.1588244431209216 0.1592424553924255 0.1630791145097829
5.741 0.1587483057428463 0.1587952278429781 0.15921355751622127 0.1630528252646927
5.7509999999999994 0.15871919464811285 0.15876615271174674 0.15918479813459208 0.16302666627997356
5.760999999999999 0.15869022062621627 0.15873721454756412 0.15915617632705545 0.16300063667520925
5.770999999999999 0.15866138500646787 0.15870841468831873 0.15912769118074782 0.16297473557735612
5.781 0.15863268612995704 0.1586797514728635 0.15909934179035015 0.1629489621206702
5.7909999999999995 0.15860412309422087 0.1586512239991993 0.1590711272580152 0.16292331544663607
5.800999999999999 0.15857569500422272 0.15862283137275027 0.1590430466932942 0.16289779470389543
5.810999999999999 0.15854740097228048 0.15859457270629246 0.15901509921306567 0.16287239904817297
5.821 0.15851924011799526 0.15856644711988233 0.15898728394146408 0.1628471276422239
5.8309999999999995 0.15849121156818116 0.15853845374078668 0.15895960000981024 0.16282197965574152
5.840999999999999 0.15846331445679557 0.15851059170341297 0.15893204655654114 0.1627969542653044
5.850999999999999 0.15843554792487033 0.1584828601492404 0.15890462272714184 0.16277205065430578
5.861 0.15840791112043798 0.15845525822674608 0.1588773276740711 0.16274726801288764
5.8709999999999996 0.1583804031984872 0.1584277850913609 0.15885016055671894 0.16272260553787465
5.880999999999999 0.1583530233208633 0.15840043990536964 0.15882312054130465 0.16269806243270987
5.890999999999999 0.15832577065622316 0.15837322183786592 0.15879620680083364 0.16267363790739028
5.901 0.15829864437996546 0.15834613006468287 0.15876941851502738 0.1626493311784036
5.911 0.1582716436741661 0.15831916376832803 0.15874275487025896 0.16262514146866558
5.920999999999999 0.15824476772751428 0.15829232213791977 0.15871621505948952 0.16260106800745786
5.930999999999999 0.15821801573524985 0.15826560436912468 0.15868979828220547 0.16257711003036682
5.941 0.1581913868991007 0.15823900966409474 0.15866350374435628 0.1625532667792227
5.951 0.15816488042722116 0.15821253723140594 0.15863733065829314 0.1625295375020401
5.960999999999999 0.15813849553413092 0.15818618628599715 0.15861127824270763 0.16250592145295784
5.970999999999999 0.15811223144065495 0.15815995604911015 0.1585853457225723 0.1624824178921811
5.980999999999999 0.15808608737386345 0.1581338457482293 0.15855953232908035 0.16245902608592297
5.991 0.15806006256701308 0.15810785461702317 0.15853383729958734 0.16243574530634688
6.0009999999999994 0.15803415625948838 0.15808198189528577 0.1585082598775527 0.16241257483151025
6.010999999999999 0.1580083676967442 0.15805622682887893 0.1584827993124821 0.16238951394530798
6.020999999999999 0.1579826961302482 0.15803058866967512 0.15845745485987056 0.162366561937417
6.031 0.15795714081742465 0.15800506667550074 0.15843222578114577 0.16234371810324127
6.0409999999999995 0.15793170102159837 0.15797966011008063 0.15840711134361285 0.16232098174385762
6.050999999999999 0.15790637601193913 0.1579543682429823 0.15838211082039852 0.16229835216596145
6.060999999999999 0.15788116506340744 0.15792919034956146 0.15835722349039705 0.16227582868181428
6.071 0.15785606745669972 0.15790412571090762 0.15833244863821588 0.1622534106091904
6.0809999999999995 0.15783108247819547 0.1578791736137908 0.1583077855541224 0.16223109727132545
6.090999999999999 0.1578062094199035 0.15785433335060856 0.15828323353399085 0.1622088879968643
6.100999999999999 0.15778144757940996 0.15782960421933306 0.15825879187925043 0.16218678211981058
6.111 0.15775679625982628 0.15780498552345976 0.15823445989683302 0.1621647789794761
6.1209999999999996 0.1577322547697379 0.15778047657195576 0.15821023689912248 0.16214287792043092
6.130999999999999 0.15770782242315337 0.1577560766792092 0.15818612220390368 0.16212107829245437
6.140999999999999 0.15768349853945404 0.1577317851649788 0.15816211513431236 0.16209937945049316
6.151 0.1576592824433446 0.1577076013543443 0.15813821501878594 0.1620777807545802
6.161 0.1576351734648129 0.15768352457766657 0.15811442119102254 0.16205628156984167
6.170999999999999 0.1576111709390415 0.15765955417049904 0.15809073298989554 0.16203488126640989
6.180999999999999 0.15758727420642304 0.15763568947360296 0.1580671497594653 0.16201357921938742
6.190999999999999 0.15756348261246775 0.1576119298328553 0.15804367084888907 0.1619923748088008
6.201 0.15753979550776837 0.15758827459921296 0.1580202956123855 0.16197126741955464
6.210999999999999 0.15751621224795292 0.15756472312866654 0.15799702340918786 0.16195025644138644
6.220999999999999 0.15749273219363905 0.15754127478219393 0.15797385360349808 0.16192934126882186
6.230999999999999 0.157469354710388 0.15751792892571456 0.1579507855644411 0.16190852130113018
6.241 0.15744607916865955 0.15749468493004437 0.1579278186660198 0.1618877959422806
6.2509999999999994 0.15742290494376712 0.15747154217085088 0.15790495228707058 0.1618671646008989
6.260999999999999 0.15739983141583372 0.15744850002860916 0.15788218581121896 0.1618466266902243
6.270999999999999 0.1573768579697478 0.1574255578885578 0.15785951862683606 0.16182618162806714
6.281 0.15735398399512016 0.15740271514065565 0.1578369501269952 0.1618058288367668
6.2909999999999995 0.15733120888624105 0.15737997117953895 0.15781447970942933 0.16178556774315006
6.300999999999999 0.15730853204203732 0.1573573254044788 0.15779210677648844 0.16176539777848986
6.310999999999999 0.15728595286603103 0.15733477721933933 0.15776983073509804 0.16174531837846493
6.321 0.15726347076629713 0.15731232603253564 0.15774765099671717 0.16172532898311884
6.3309999999999995 0.15724108515542293 0.15728997125699337 0.15772556697729787 0.1617054290368208
6.340999999999999 0.15721879545046696 0.15726771231010736 0.15770357809724433 0.16168561798822578
6.350999999999999 0.15719660107291872 0.15724554861370157 0.1576816837813725 0.16166589529023548
6.361 0.157174501448659 0.15722347959398922 0.15765988345887083 0.16164626040006996
6.3709999999999996 0.15715249600792006 0.1572015046815334 0.15763817656326043 0.1616267127787937
6.380999999999999 0.15713058418524684 0.15717962331120763 0.15761656253235629 0.1616072518919234
6.390999999999999 0.15710876541945815 0.15715783492215765 0.15759504080822884 0.16158787720896522
6.400999999999999 0.15708703915360817 0.15713613895776293 0.15757361083726748 0.16156858820348316
6.411 0.15706540483505224 0.157114534865702 0.15755227206973918 0.16154938435306174
6.420999999999999 0.15704386191499983 0.15709302209750536 0.15753102396035026 0.16153026513927002
6.430999999999999 0.15702240984908525 0.15707160010912707 0.15750986596781458 0.1615112300476258
6.440999999999999 0.1570010480969299 0.15705026836050653 0.1574887975549142 0.16149227856755968
6.451 0.15697977612220532 0.15702902631563098 0.15746781818846334 0.16147341019238015
6.460999999999999 0.1569585933925966 0.1570078734425 0.15744692733927237 0.1614546244192385
6.470999999999999 0.15693749937976753 0.15698680921308972 0.15742612448211246 0.16143592074909457
6.480999999999999 0.15691649355932477 0.1569658331033174 0.15740540909568024 0.16141729868668256
6.491 0.15689557541078286 0.15694494459300673 0.15738478066256298 0.16139875774047707
6.5009999999999994 0.1568747444175302 0.1569241431658532 0.1573642386692044 0.16138029742266008
6.510999999999999 0.15685400006679434 0.15690342830939 0.1573437826058704 0.1613619172490873
6.520999999999999 0.15683334184960834 0.15688279951495387 0.15732341196661512 0.16134361673925587
6.531 0.15681276926077709 0.1568622562776519 0.1573031262492479 0.1613253954162717
6.5409999999999995 0.15679228179884447 0.15684179809632828 0.1572829249553 0.1613072528068175
6.550999999999999 0.15677187896605996 0.15682142447353134 0.15726280758999175 0.16128918844112095
6.560999999999999 0.1567515602683467 0.1568011349154812 0.1572427736622005 0.16127120185292332
6.571 0.15673132521526859 0.1567809289320374 0.157222822684428 0.16125329257944804
6.5809999999999995 0.15671117331999945 0.15676080603666723 0.1572029541727692 0.16123546016137064
6.590999999999999 0.1566911040992903 0.15674076574641405 0.15718316764688034 0.16121770414278724
6.600999999999999 0.15667111707343886 0.15672080758186613 0.1571634626299482 0.16120002407118522
6.611 0.15665121176625854 0.15670093106712574 0.15714383864865897 0.1611824194974129
6.6209999999999996 0.15663138770504764 0.1566811357297785 0.15712429523316784 0.16116488997565
6.630999999999999 0.1566116444205591 0.15666142110086306 0.15710483191706892 0.16114743506337847
6.640999999999999 0.15659198144697056 0.1566417867148413 0.1570854482373652 0.16113005432135344
6.650999999999999 0.1565723983218546 0.15662223210956827 0.157066143734439 0.16111274731357447
6.661 0.15655289458614924 0.15660275682626312 0.15704691795202252 0.16109551360725724
6.670999999999999 0.15653346978412908 0.15658336040947987 0.15702777043716903 0.1610783527728053
6.680999999999999 0.15651412346337618 0.15656404240707844 0.15700870074022408 0.16106126438378243
6.690999999999999 0.15649485517475162 0.1565448023701965 0.15698970841479698 0.1610442480168848
6.701 0.15647566447236733 0.1565256398532207 0.15697079301773254 0.1610273032519139
6.710999999999999 0.15645655091355776 0.156506554413759 0.15695195410908339 0.16101042967174933
6.720999999999999 0.15643751405885284 0.1564875456126131 0.1569331912520824 0.1609936268623223
6.730999999999999 0.15641855347194975 0.1564686130137506 0.15691450401311507 0.16097689441258886
6.741 0.15639966871968633 0.15644975618427825 0.1568958919616926 0.16096023191450395
6.7509999999999994 0.15638085937201382 0.15643097469441472 0.1568773546704251 0.16094363896299513
6.760999999999999 0.1563621250019706 0.15641226811746448 0.1568588917149953 0.16092711515593736
6.770999999999999 0.15634346518565545 0.15639363602979062 0.1568405026741316 0.1609106600941268
6.781 0.15632487950220153 0.15637507801078956 0.15682218712958268 0.16089427338125642
6.7909999999999995 0.15630636753375074 0.15635659364286475 0.15680394466609157 0.16087795462389065
6.800999999999999 0.1562879288654276 0.1563381825114011 0.1567857748713699 0.1608617034314405
6.810999999999999 0.15626956308531484 0.15631984420473993 0.15676767733607294 0.16084551941613953
6.821 0.15625126978442705 0.15630157831415334 0.1567496516537744 0.16082940219301928
6.8309999999999995 0.15623304855668674 0.15628338443381992 0.15673169742094178 0.1608133513798855
6.840999999999999 0.15621489899889945 0.15626526216079972 0.15671381423691158 0.16079736659729443
6.850999999999999 0.15619682071072924 0.15624721109501005 0.15669600170386536 0.1607814474685289
6.860999999999999 0.15617881329467467 0.1562292308392014 0.15667825942680533 0.16076559361957563
6.8709999999999996 0.15616087635604486 0.15621132099893342 0.15666058701353097 0.16074980467910172
6.880999999999999 0.15614300950293586 0.15619348118255125 0.15664298407461483 0.1607340802784321
6.890999999999999 0.15612521234620688 0.156175711001162 0.1566254502233797 0.16071842005152667
6.900999999999999 0.15610748449945772 0.15615801006861188 0.1566079850758752 0.1607028236349582
6.911 0.15608982557900505 0.15614037800146274 0.15659058825085498 0.16068729066788984
6.920999999999999 0.1560722352038601 0.15612281441896964 0.1565732593697538 0.16067182079205358
6.930999999999999 0.1560547129957059 0.15610531894305807 0.15655599805666545 0.16065641365172809
6.940999999999999 0.15603725857887493 0.15608789119830194 0.15653880393832018 0.1606410688937175
6.951 0.15601987158032712 0.15607053081190095 0.15652167664406252 0.16062578616732978
6.960999999999999 0.15600255162962773 0.1560532374136591 0.15650461580582994 0.1606105651243561
6.970999999999999 0.15598529835892608 0.15603601063596295 0.15648762105813085 0.16059540541904943
6.980999999999999 0.15596811140293323 0.15601885011375977 0.1564706920380232 0.160580306708104
6.991 0.1559509903989016 0.1560017554845368 0.15645382838509328 0.1605652686506349
7.0009999999999994 0.15593393498660332 0.15598472638829974 0.156437029741435 0.16055029090815778
7.010999999999999 0.15591694480830942 0.15596776246755203 0.1564202957516286 0.1605353731445686
7.020999999999999 0.15590001950876936 0.15595086336727418 0.1564036260627205 0.16052051502612366
7.031 0.15588315873519018 0.15593402873490314 0.15638702032420235 0.1605057162214201
7.0409999999999995 0.15586636213721658 0.15591725822031222 0.1563704781879915 0.16049097640137625
7.050999999999999 0.1558496293669105 0.15590055147579093 0.1563539993084102 0.16047629523921214
7.060999999999999 0.15583296007873151 0.1558839081560249 0.15633758334216652 0.1604616724104306
7.070999999999999 0.1558163539295166 0.1558673279180764 0.156321229948334 0.16044710759279798
7.0809999999999995 0.1557998105784613 0.15585081042136462 0.15630493878833276 0.1604326004663257
7.090999999999999 0.15578332968709976 0.15583435532764645 0.1562887095259099 0.1604181507132514
7.100999999999999 0.1557669109192858 0.15581796230099718 0.15627254182712033 0.16040375801802026
7.110999999999999 0.15575055394117396 0.15580163100779168 0.15625643536030823 0.16038942206726733
7.1209999999999996 0.15573425842120053 0.1557853611166855 0.15624038979608784 0.16037514254999258
7.130999999999999 0.1557180240300652 0.1557691522985963 0.15622440480732536 0.16036091915670403
7.140999999999999 0.15570185044071222 0.15575300422668506 0.1562084800691201 0.1603467515807515
7.150999999999999 0.15568573732831237 0.15573691657633845 0.1561926152587867 0.1603326395173489
7.161 0.15566968437040193 0.15572088902530548 0.1561768100559743 0.1603185826638108
7.170999999999999 0.15565369124617937 0.1557049212530016 0.15616106414203954 0.16030458071953532
7.180999999999999 0.15563775763759732 0.15568901294159 0.15614537720102786 0.16029063338598712
7.190999999999999 0.155621883228553 0.1556731637751793 0.1561297489189356 0.16027674036701708
7.201 0.15560606770508106 0.1556573734400143 0.1561141789838856 0.1602629013675879
7.210999999999999 0.15559031075533658 0.1556416416244591 0.1560986670861101 0.16024911609551254
7.220999999999999 0.15557461206957784 0.15562596801897982 0.15608321291793376 0.1602353842603534
7.230999999999999 0.15555897134014907 0.15561035231612774 0.15606781617409946 0.16022170557365598
7.241 0.15554338826185032 0.15559479421091235 0.15605247655046023 0.1602080797489331
7.2509999999999994 0.15552786253045647 0.15557929339930607 0.15603719374578193 0.16019450650164874
7.260999999999999 0.1555123938447779 0.15556384958032637 0.15602196746059058 0.16018098554920202
7.270999999999999 0.15549698190533698 0.1555484624546983 0.15600679739742165 0.16016751661091191
7.280999999999999 0.15548162641465965 0.15553313172514938 0.15599168326080384 0.16015409940800132
7.2909999999999995 0.15546632707725963 0.1555178570963938 0.15597662475724308 0.16014073366358175
7.300999999999999 0.15545108359962218 0.15550263827511626 0.15596162159520666 0.16012741910263822
7.310999999999999 0.15543589569018867 0.1554874749699567 0.15594667348510766 0.16011415545201385
7.320999999999999 0.15542076305934086 0.15547236689149413 0.15593178013928927 0.1601009424403951
7.3309999999999995 0.15540568541938513 0.15545731375223162 0.15591694127200945 0.1600877797982969
7.340999999999999 0.1553906624845377 0.15544231526658056 0.15590215659942563 0.16007466725804775
7.350999999999999 0.15537569397090917 0.15542737115084596 0.15588742583957974 0.16006160455377536
7.360999999999999 0.15536077959648936 0.1554124811232111 0.15587274871238302 0.16004859142139222
7.3709999999999996 0.1553459190811326 0.1553976449037227 0.15585812493960136 0.16003562759858111
7.380999999999999 0.155331112146543 0.1553828622142763 0.15584355424484045 0.1600227128247811
7.390999999999999 0.15531635851625938 0.1553681327786012 0.1558290363535313 0.16000984684117328
7.400999999999999 0.15530165791564166 0.15535345632224665 0.1558145709929158 0.15999702939066726
7.411 0.15528701007185539 0.1553388325725668 0.15580015789203225 0.15998426021788686
7.420999999999999 0.15527241471385833 0.15532426125870694 0.15578579678170149 0.15997153906915698
7.430999999999999 0.1552578715723861 0.1553097421115892 0.15577148739451258 0.15995886569248957
7.440999999999999 0.15524338037993807 0.15529527486389874 0.15575722946480905 0.15994623983757075
7.451 0.15522894087076367 0.1552808592500695 0.1557430227286749 0.1599336612557469
7.460999999999999 0.15521455278084856 0.1552664950062709 0.15572886692392116 0.15992112970001202
7.470999999999999 0.15520021584790109 0.15525218187039422 0.15571476179007224 0.15990864492499446
7.480999999999999 0.15518592981133886 0.15523791958203884 0.1557007070683525 0.15989620668694404
7.490999999999999 0.15517169441227519 0.15522370788249906 0.155686702501673 0.15988381474371924
7.5009999999999994 0.15515750939350598 0.15520954651475097 0.15567274783461815 0.15987146885477435
7.510999999999999 0.15514337449949678 0.15519543522343907 0.1556588428134329 0.1598591687811473
7.520999999999999 0.15512928947636945 0.15518137375486352 0.15564498718600966 0.15984691428544673
7.530999999999999 0.15511525407188956 0.15516736185696725 0.15563118070187545 0.15983470513183987
7.5409999999999995 0.15510126803545332 0.15515339927932287 0.15561742311217922 0.15982254108604035
7.550999999999999 0.15508733111807527 0.15513948577312045 0.15560371416967916 0.15981042191529596
7.560999999999999 0.1550734430723755 0.15512562109115494 0.15559005362873055 0.15979834738837675
7.570999999999999 0.15505960365256738 0.1551118049878132 0.15557644124527284 0.15978631727556286
7.5809999999999995 0.15504581261444494 0.15509803721906246 0.1555628767768179 0.15977433134863311
7.590999999999999 0.1550320697153712 0.15508431754243768 0.15554935998243757 0.15976238938085305
7.600999999999999 0.1550183747142654 0.15507064571702933 0.15553589062275155 0.15975049114696332
7.610999999999999 0.15500472737159174 0.15505702150347178 0.15552246845991582 0.1597386364231683
7.6209999999999996 0.15499112744934684 0.15504344466393133 0.1555090932576106 0.15972682498712487
7.630999999999999 0.15497757471104828 0.15502991496209412 0.15549576478102842 0.15971505661793067
7.640999999999999 0.1549640689217229 0.1550164321631549 0.15548248279686272 0.1597033310961134
7.650999999999999 0.15495060984789524 0.15500299603380505 0.15546924707329643 0.15969164820361945
7.661 0.1549371972575761 0.15498960634222148 0.15545605737999033 0.15968000772380303
7.670999999999999 0.1549238309202509 0.15497626285805505 0.1554429134880718 0.1596684094414153
7.680999999999999 0.15491051060686883 0.15496296535241938 0.15542981517012366 0.15965685314259345
7.690999999999999 0.15489723608983152 0.15494971359787976 0.1554167622001731 0.15964533861485036
7.700999999999999 0.15488400714298173 0.15493650736844175 0.15540375435368042 0.1596338656470635
7.710999999999999 0.15487082354159265 0.1549233464395408 0.15539079140752832 0.15962243402946477
7.720999999999999 0.15485768506235706 0.15491023058803077 0.15537787314001106 0.15961104355362996
7.730999999999999 0.15484459148337637 0.15489715959217354 0.15536499933082362 0.1595996940124686
7.740999999999999 0.15483154258414997 0.15488413323162828 0.15535216976105137 0.15958838520021362
7.7509999999999994 0.1548185381455648 0.15487115128744067 0.1553393842131588 0.15957711691241108
7.760999999999999 0.1548055779498846 0.1548582135420326 0.15532664247098002 0.15956588894591042
7.770999999999999 0.15479266178073964 0.1548453197791918 0.1553139443197077 0.15955470109885425
7.780999999999999 0.1547797894231166 0.15483246978406132 0.15530128954588304 0.15954355317066862
7.7909999999999995 0.15476696066334786 0.1548196633431294 0.1552886779373857 0.1595324449620532
7.800999999999999 0.1547541752891018 0.15480690024421948 0.1552761092834235 0.15952137627497157
7.810999999999999 0.15474143308937263 0.15479418027648 0.1552635833745226 0.15951034691264165
7.820999999999999 0.15472873385447042 0.15478150323037446 0.1552511000025174 0.15949935667952617
7.8309999999999995 0.154716077376011 0.15476886889767155 0.15523865896054082 0.15948840538132322
7.840999999999999 0.1547034634469066 0.1547562770714355 0.15522626004301462 0.15947749282495685
7.850999999999999 0.15469089186135576 0.1547437275460161 0.1552139030456395 0.15946661881856777
7.860999999999999 0.15467836241483401 0.15473122011703938 0.15520158776538595 0.15945578317150436
7.8709999999999996 0.15466587490408412 0.15471875458139803 0.15518931400048425 0.15944498569431337
7.880999999999999 0.15465342912710672 0.15470633073724166 0.15517708155041546 0.15943422619873074
7.890999999999999 0.1546410248831509 0.15469394838396774 0.15516489021590177 0.15942350449767304
7.900999999999999 0.15462866197270503 0.15468160732221228 0.1551527397988976 0.15941282040522833
7.910999999999999 0.15461634019748743 0.15466930735384057 0.1551406301025802 0.1594021737366473
7.920999999999999 0.15460405936043728 0.15465704828193785 0.15512856093134048 0.15939156430833482
7.930999999999999 0.15459181926570548 0.15464482991080072 0.15511653209077425 0.15938099193784092
7.940999999999999 0.15457961971864584 0.15463265204592772 0.15510454338767315 0.15937045644385253
7.950999999999999 0.15456746052580617 0.15462051449401065 0.1550925946300158 0.15935995764618494
7.960999999999999 0.1545553414949191 0.1546084170629257 0.1550806856269589 0.15934949536577306
7.970999999999999 0.15454326243489394 0.15459635956172485 0.15506881618882887 0.15933906942466347
7.980999999999999 0.15453122315580742 0.15458434180062686 0.1550569861271127 0.15932867964600597
7.990999999999999 0.15451922346889554 0.15457236359100912 0.15504519525444993 0.15931832585404526
8.001 0.15450726318654473 0.1545604247453987 0.15503344338462383 0.159308007874113
8.010999999999997 0.1544953421222836 0.15454852507746422 0.1550217303325531 0.15929772553261964
8.020999999999999 0.15448346009077446 0.1545366644020073 0.15501005591428343 0.15928747865704634
8.030999999999999 0.15447161690780498 0.15452484253495433 0.1549984199469793 0.15927726707593715
8.040999999999999 0.15445981239028003 0.1545130592933482 0.15498682224891583 0.15926709061889113
8.050999999999998 0.15444804635621356 0.1545013144953401 0.15497526263947067 0.1592569491165546
8.060999999999998 0.15443631862472032 0.15448960796018157 0.15496374093911577 0.1592468424006133
8.070999999999998 0.15442462901600795 0.15447793950821628 0.15495225696940942 0.1592367703037847
8.080999999999998 0.154412977351369 0.15446630896087218 0.15494081055298853 0.15922673265981044
8.090999999999998 0.1544013634531731 0.15445471614065365 0.15492940151356055 0.1592167293034491
8.100999999999999 0.154389787144859 0.15444316087113352 0.15491802967589582 0.1592067600704681
8.110999999999999 0.15437824825092683 0.15443164297694548 0.15490669486581962 0.1591968247976369
8.120999999999999 0.15436674659693056 0.15442016228377622 0.15489539691020493 0.15918692332271928
8.130999999999998 0.15435528200947002 0.15440871861835798 0.15488413563696435 0.15917705548446623
8.140999999999998 0.1543438543161838 0.1543973118084608 0.15487291087504287 0.1591672211226087
8.150999999999998 0.15433246334574138 0.15438594168288516 0.1548617224544103 0.1591574200778503
8.160999999999998 0.15432110892783582 0.1543746080714546 0.15485057020605392 0.15914765219186056
8.170999999999998 0.15430979089317637 0.15436331080500793 0.154839453961971 0.1591379173072674
8.180999999999997 0.15429850907348108 0.15435204971539251 0.1548283735551618 0.15912821526765056
8.190999999999999 0.15428726330146975 0.1543408246354565 0.15481732881962185 0.15911854591753444
8.200999999999999 0.15427605341085646 0.1543296353990421 0.15480631959033544 0.15910890910238143
8.210999999999999 0.15426487923634255 0.15431848184097785 0.15479534570326794 0.1590993046685849
8.220999999999998 0.15425374061360964 0.15430736379707213 0.1547844069953591 0.15908973246346253
8.230999999999998 0.15424263737931257 0.15429628110410595 0.1547735033045158 0.1590801923352498
8.240999999999998 0.15423156937107219 0.15428523359982566 0.15476263446960548 0.15907068414453734
8.250999999999998 0.1542205364274688 0.15427422112293662 0.15475180033044897 0.15906120771823454
8.260999999999997 0.15420953838803517 0.1542632435130959 0.15474100072781372 0.1590517629080485
8.270999999999999 0.15419857509324966 0.15425230061090575 0.15473023550340723 0.15904234958794963
8.280999999999999 0.15418764638452964 0.15424139225790667 0.15471950449987001 0.1590329675994715
8.290999999999999 0.15417675211419876 0.1542305183065486 0.15470880757077474 0.15902361679621801
8.300999999999998 0.15416589210535162 0.15421967858003924 0.1546981445403469 0.1590142970326653
8.310999999999998 0.15415506621235772 0.154208872932875 0.15468751525474 0.15900500816415558
8.320999999999998 0.154144274271142 0.15419810120110383 0.15467691957951954 0.15899575004689098
8.330999999999998 0.15413351614640822 0.15418736324954765 0.1546663573521391 0.15898652253792744
8.340999999999998 0.15412279167559154 0.1541766589157618 0.1546558284207012 0.15897732549516835
8.350999999999997 0.1541121007064981 0.1541659880476716 0.15464533263419586 0.1589681587773589
8.360999999999999 0.15410144308782087 0.15415535049408866 0.15463486984249475 0.15895902224407968
8.370999999999999 0.15409081866913354 0.15414474610470513 0.154624439896345 0.15894991575574094
8.380999999999998 0.1540802273008847 0.154134174730087 0.15461404264736286 0.15894083917357668
8.390999999999998 0.15406966883439108 0.15412363622166825 0.15460367794802757 0.15893179235963886
8.400999999999998 0.1540591431218318 0.15411313043174454 0.15459334565167543 0.15892277517679126
8.410999999999998 0.1540486500162424 0.15410265721346744 0.15458304561249372 0.15891378748870422
8.420999999999998 0.1540381893715085 0.15409221642083815 0.15457277768551472 0.1589048291598485
8.430999999999997 0.15402776104236024 0.15408180790870168 0.15456254172660971 0.15889590005548987
8.440999999999999 0.15401736488436601 0.15407143153274105 0.15455233759248335 0.1588870000416834
8.450999999999999 0.15400700075392698 0.15406108714947123 0.15454216514066757 0.15887812898526787
8.460999999999999 0.15399666850827096 0.15405077461623343 0.1545320242295158 0.1588692867538603
8.470999999999998 0.1539863680054467 0.15404049379118942 0.1545219147181976 0.15886047321585045
8.480999999999998 0.15397609910431856 0.15403024453331582 0.15451183646669256 0.15885168824039536
8.490999999999998 0.15396586166456003 0.1540200267023982 0.15450178933578484 0.15884293169741398
8.500999999999998 0.1539556555466491 0.15400984015902572 0.15449177318705762 0.1588342034575818
8.510999999999997 0.1539454806118619 0.15399968476458534 0.15448178788288736 0.15882550339232565
8.520999999999999 0.15393533672226756 0.15398956038125675 0.15447183328643863 0.15881683137381827
8.530999999999999 0.15392522374072254 0.15397946687200617 0.1544619092616583 0.15880818727497314
8.540999999999999 0.15391514153086538 0.15396940410058152 0.15445201567327024 0.15879957096943947
8.550999999999998 0.15390508995711108 0.1539593719315067 0.15444215238677017 0.15879098233159686
8.560999999999998 0.15389506888464607 0.1539493702300764 0.15443231926842005 0.15878242123655023
8.570999999999998 0.15388507817942226 0.15393939886235067 0.15442249030324465 0.15877388756012492
8.580999999999998 0.1538751177081527 0.1539294576951497 0.15441274300501726 0.1587653811788615
8.590999999999998 0.15386518733830554 0.15391954659604876 0.1544029995962729 0.158756901970011
8.600999999999997 0.15385528693809922 0.15390966543337264 0.15439328582828463 0.15874844981152983
8.610999999999999 0.15384541637649715 0.15389981407619086 0.15438360157106754 0.1587400245820747
8.620999999999999 0.153835575523203 0.1538899923943124 0.1543739466953722 0.15873162616099837
8.630999999999998 0.15382576424865504 0.15388020025828064 0.15436432107267922 0.15872325442834415
8.640999999999998 0.15381598242402153 0.15387043753936844 0.1543547245751945 0.1587149092648416
8.650999999999998 0.15380622992119575 0.15386070410957303 0.15434515707584423 0.15870659055190164
8.660999999999998 0.15379650661279076 0.15385099984161132 0.15433561844827007 0.1586982981716118
8.670999999999998 0.15378681237213482 0.1538413246089146 0.1543261085668238 0.15869003200673149
8.680999999999997 0.1537771470732662 0.15383167828562377 0.1543166273065631 0.15868179194068763
8.690999999999999 0.15376751059092877 0.15382206074658508 0.15430717454324647 0.15867357785757008
8.700999999999999 0.1537579028005668 0.15381247186734462 0.1542977501533284 0.15866538964212665
8.710999999999999 0.15374832357832058 0.1538029115241438 0.1542883540139547 0.158657227179759
8.720999999999998 0.1537387728010212 0.1537933795939149 0.15427898600295792 0.1586490903565181
8.730999999999998 0.15372925034618637 0.153783875954276 0.1542696459988526 0.1586409790590997
8.740999999999998 0.15371975609201577 0.15377440048352656 0.15426033388083055 0.1586328931748399
8.750999999999998 0.1537102899173859 0.1537649530606429 0.1542510495287565 0.15862483259171087
8.760999999999997 0.15370085170184622 0.1537555335652735 0.15424179282316347 0.1586167971983166
8.770999999999997 0.15369144132561408 0.1537461418777345 0.15423256364524818 0.15860878688388824
8.780999999999999 0.1536820586695706 0.15373677787900505 0.1542233618768666 0.15860080153828032
8.790999999999999 0.1536727036152558 0.15372744145072323 0.1542141874005296 0.1585928410519661
8.800999999999998 0.1536633760448648 0.1537181324751814 0.1542050400993986 0.15858490531603364
8.810999999999998 0.1536540758412426 0.15370885083532163 0.1541959198572809 0.1585769942221815
8.820999999999998 0.1536448028878805 0.1536995964147317 0.15418682655862562 0.1585691076627146
8.830999999999998 0.1536355570689113 0.15369036909764056 0.1541777600885195 0.15856124553054018
8.840999999999998 0.1536263382691052 0.1536811687689142 0.15416872033268228 0.15855340771916382
8.850999999999997 0.15361714637386564 0.15367199531405107 0.1541597071774627 0.15854559412268507
8.860999999999999 0.15360798126922467 0.15366284861917828 0.15415072050983433 0.15853780463579387
8.870999999999999 0.1535988428418392 0.15365372857104725 0.15414176021739115 0.15853003915376623
8.880999999999998 0.1535897309789868 0.15364463505702944 0.1541328261883438 0.15852229757246053
8.890999999999998 0.15358064556856116 0.1536355679651123 0.15412391831151528 0.15851457978831343
8.900999999999998 0.1535715864990685 0.1536265271838952 0.15411503647633656 0.15850688569833615
8.910999999999998 0.1535625536596233 0.15361751260258547 0.15410618057284328 0.15849921520011045
8.920999999999998 0.15355354693994427 0.1536085241109942 0.15409735049167106 0.15849156819178484
8.930999999999997 0.15354456623035018 0.15359956159953228 0.15408854612405182 0.15848394457207107
8.940999999999999 0.1535356114217563 0.1535906249592065 0.15407976736180978 0.1584763442402398
8.950999999999999 0.15352668240567013 0.1535817140816156 0.15407101409735766 0.1584687670961175
8.960999999999999 0.15351777907418757 0.15357282885894638 0.15406228622369256 0.15846121304008234
8.970999999999998 0.1535089013199891 0.1535639691839697 0.1540535836343923 0.1584536819730606
8.980999999999998 0.1535000490363359 0.15355513495003684 0.15404490622361167 0.158446173796523
8.990999999999998 0.1534912221170661 0.15354632605107552 0.15403625388607822 0.1584386884124813
9.000999999999998 0.15348242045659075 0.15353754238158615 0.15402762651708896 0.1584312257234844
9.010999999999997 0.1534736439498904 0.15352878383663815 0.15401902401250644 0.15842378563261494
9.020999999999997 0.15346489249251113 0.1535200503118661 0.15401044626875493 0.1584163680434857
9.030999999999999 0.153456165980561 0.15351134170346625 0.15400189318281693 0.15840897286023628
9.040999999999999 0.1534474643107062 0.15350265790819248 0.15399336465222932 0.15840159998752934
9.050999999999998 0.15343878738016759 0.1534939988233531 0.15398486057508 0.15839424933054738
9.060999999999998 0.15343013508671696 0.15348536434680687 0.15397638085000404 0.158386920794989
9.070999999999998 0.15342150732867343 0.15347675437695965 0.15396792537618012 0.15837961428706596
9.080999999999998 0.15341290400490007 0.1534681688127606 0.15395949405332726 0.1583723297134994
9.090999999999998 0.1534043250148001 0.15345960755369906 0.15395108678170097 0.15836506698151673
9.100999999999997 0.15339577025831375 0.15345107049980053 0.15394270346209002 0.15835782599884818
9.110999999999999 0.15338723963591402 0.15344255755162345 0.15393434399581268 0.15835060667372344
9.120999999999999 0.15337873304860436 0.153434068610256 0.15392600828471376 0.15834340891486878
9.130999999999998 0.1533702503979142 0.15342560357731203 0.1539176962311606 0.15833623263150318
9.140999999999998 0.15336179158589613 0.1534171623549283 0.15390940773804015 0.1583290777333356
9.150999999999998 0.15335335651512233 0.15340874484576075 0.15390114270875543 0.15832194413056155
9.160999999999998 0.15334494508868135 0.15340035095298124 0.15389290104722225 0.15831483173386018
9.170999999999998 0.15333655721017453 0.15339198058027415 0.15388468265786576 0.1583077404543906
9.180999999999997 0.15332819278371293 0.15338363363183327 0.15387648744561747 0.15830067020378943
9.190999999999997 0.15331985171391396 0.15337531001235832 0.1538683153159115 0.15829362089416704
9.200999999999999 0.15331153390589808 0.15336700962705188 0.15386016617468196 0.15828659243810517
9.210999999999999 0.15330323926528575 0.15335873238161596 0.1538520399283592 0.15827958474865297
9.220999999999998 0.15329496769819392 0.1533504781822489 0.15384393648386696 0.15827259773932495
9.230999999999998 0.15328671911123334 0.15334224693564225 0.15383585574861902 0.15826563132409727
9.240999999999998 0.15327849341150476 0.15333403854897756 0.1538277976305162 0.15825868541740512
9.250999999999998 0.15327029050659632 0.15332585292992318 0.1538197620379431 0.15825175993413937
9.260999999999997 0.15326211030458028 0.15331768998663134 0.15381174887976515 0.15824485478964426
9.270999999999997 0.15325395271400974 0.1533095496277349 0.15380375806532548 0.1582379698997138
9.280999999999999 0.153245817643916 0.15330143176234426 0.1537957895044418 0.1582311051805893
9.290999999999999 0.15323770500380493 0.15329333630004438 0.15378784310740354 0.15822426054895633
9.300999999999998 0.15322961470365462 0.153285263150892 0.15377991878496866 0.15821743592194196
9.310999999999998 0.1532215466539119 0.15327721222541213 0.1537720164483609 0.15821063121711174
9.320999999999998 0.15321350076548942 0.15326918343459556 0.15376413600926644 0.15820384635246706
9.330999999999998 0.15320547694976305 0.15326117668989567 0.1537562773798316 0.1581970812464425
9.340999999999998 0.15319747511856843 0.15325319190322564 0.15374844047265918 0.15819033581790262
9.350999999999997 0.1531894951841985 0.15324522898695525 0.15374062520080614 0.1581836099861396
9.360999999999999 0.15318153705940038 0.15323728785390836 0.15373283147778047 0.15817690367087026
9.370999999999999 0.15317360065737257 0.15322936841735996 0.1537250592175384 0.15817021679223367
9.380999999999998 0.1531656858917621 0.15322147059103305 0.1537173083344815 0.15816354927078805
9.390999999999998 0.15315779267666169 0.15321359428909617 0.15370957874345406 0.15815690102750835
9.400999999999998 0.15314992092660706 0.15320573942616045 0.1537018703597401 0.15815027198378362
9.410999999999998 0.15314207055657403 0.15319790591727683 0.1536941830990607 0.15814366206141434
9.420999999999998 0.15313424148197557 0.15319009367793324 0.15368651687757118 0.1581370711826097
9.430999999999997 0.1531264336186596 0.15318230262405194 0.15367887161185867 0.1581304992699851
9.440999999999997 0.15311864688290572 0.1531745326719869 0.15367124721893888 0.15812394624655973
9.450999999999999 0.15311088119142283 0.15316678373852083 0.15366364361625393 0.15811741203575358
9.460999999999999 0.1531031364613463 0.15315905574086283 0.1536560607216692 0.1581108965613855
9.470999999999998 0.15309541261023546 0.1531513485966454 0.1536484984534714 0.15810439974767013
9.480999999999998 0.15308770955607068 0.15314366222392203 0.15364095673036496 0.15809792151921584
9.490999999999998 0.15308002721725106 0.15313599654116455 0.15363343547147032 0.158091461801022
9.500999999999998 0.15307236551259162 0.15312835146726037 0.15362593459632073 0.15808502051847634
9.510999999999997 0.15306472436132088 0.15312072692151008 0.15361845402486016 0.15807859759735313
9.520999999999997 0.15305710368307812 0.15311312282362483 0.15361099367744033 0.1580721929638102
9.530999999999999 0.15304950339791085 0.15310553909372374 0.15360355347481847 0.15806580654438668
9.540999999999999 0.15304192342627254 0.1530979756523314 0.15359613333815456 0.1580594382660006
9.550999999999998 0.1530343636890197 0.1530904324203754 0.15358873318900915 0.15805308805594676
9.560999999999998 0.15302682410740967 0.15308290931918375 0.15358135294934053 0.15804675584189395
9.570999999999998 0.15301930460309818 0.15307540627048252 0.1535739925415025 0.15804044155188304
9.580999999999998 0.15301180509813658 0.15306792319639329 0.153566651888242 0.15803414511432423
9.590999999999998 0.15300432551496987 0.1530604600194307 0.15355933091269627 0.15802786645799513
9.600999999999997 0.15299686577643376 0.15305301666250012 0.15355202953839106 0.15802160551203834
9.610999999999997 0.15298942580575264 0.15304559304889523 0.15354474768923762 0.15801536220595902
9.620999999999999 0.15298200552653715 0.1530381891022956 0.15353748528953076 0.15800913646962297
9.630999999999998 0.15297460486278164 0.1530308047467643 0.15353024226394635 0.1580029283708615
9.640999999999998 0.15296722373886198 0.15302343990674563 0.15352301853753902 0.15799673742743212
9.650999999999998 0.15295986207953294 0.15301609450706263 0.15351581403573958 0.15799056398309091
9.660999999999998 0.15295251980992647 0.153008768472915 0.15350862868435325 0.1579844078315157
9.670999999999998 0.1529451968555487 0.15300146172987655 0.15350146240955687 0.15797826890434122
9.680999999999997 0.15293789314227815 0.1529941742038932 0.1534943151378968 0.1579721471335494
9.690999999999997 0.1529306085963632 0.1529869058212803 0.15348718692108987 0.1579660424514674
9.700999999999999 0.15292334326826645 0.15297965663282748 0.15348007731200536 0.15795995479076527
9.710999999999999 0.15291609671343 0.15297242619326293 0.1534729866126943 0.15795388408445407
9.720999999999998 0.1529088692307381 0.15296521480231762 0.1534659146263556 0.1579478302658836
9.730999999999998 0.15290166062405 0.1529580222636568 0.15345886128134997 0.15794179326874033
9.740999999999998 0.15289447082143046 0.1529508485054107 0.15345182650639405 0.15793577302704545
9.750999999999998 0.1528872997513007 0.15294369345606632 0.15344481023055884 0.15792976947515266
9.760999999999997 0.15288014734243655 0.15293655704446465 0.15343781238326706 0.1579237825477464
9.770999999999997 0.1528730135239662 0.1529294391997989 0.15343083289429146 0.1579178121798395
9.780999999999999 0.15286589822536806 0.1529223398516121 0.15342387169375218 0.15791185830677137
9.790999999999999 0.1528588013764687 0.15291525892979535 0.15341692871211518 0.1579059208642059
9.800999999999998 0.1528517229074407 0.15290819636458533 0.15341000388018985 0.15789999978812969
9.810999999999998 0.15284466274880046 0.15290115208656266 0.15340309712912706 0.15789409501484988
9.820999999999998 0.15283762083140637 0.15289412602664926 0.15339620839041693 0.15788820648099217
9.830999999999998 0.1528305970864567 0.15288711811610683 0.153389337595887 0.15788233412349903
9.840999999999998 0.15282359144548724 0.15288012828653458 0.15338248467770016 0.15787647787962786
9.850999999999997 0.15281660384036988 0.15287315646986713 0.1533756495683524 0.15787063768694864
9.860999999999997 0.1528096342033099 0.15286620259837266 0.1533688322006713 0.1578648134833426
9.870999999999999 0.1528026824668446 0.15285926660465085 0.15336203250781352 0.15785900520700008
9.880999999999998 0.15279574856384096 0.15285234842163095 0.15335525042326315 0.15785321279641845
9.890999999999998 0.1527888324274937 0.1528454479825696 0.15334848588082955 0.15784743619040056
9.900999999999998 0.15278193399132334 0.15283856522104916 0.15334173881464577 0.157841675328053
9.910999999999998 0.15277505318917442 0.15283170007097566 0.15333500915916604 0.15783593014878367
9.920999999999998 0.15276818995521332 0.15282485246657676 0.15332829684916444 0.1578302005923007
9.930999999999997 0.1527613442239266 0.15281802234239997 0.15332160181973262 0.15782448659861015
9.940999999999997 0.1527545159301189 0.15281120963331074 0.15331492400627805 0.15781878810801445
9.950999999999999 0.15274770500891116 0.1528044142744906 0.15330826334452224 0.15781310506111046
9.960999999999999 0.15274091139573856 0.15279763620143513 0.1533016197704985 0.15780743739878794
9.970999999999998 0.15273413502634903 0.15279087534995223 0.15329499322055054 0.15780178506222747
9.980999999999998 0.15272737583680107 0.15278413165616034 0.15328838363133052 0.15779614799289912
9.990999999999998 0.15272063376346204 0.15277740505648635 0.15328179093979685 0.1577905261325602
