0.001 0.2488649309101483
0.011 0.2488655349162124
0.020999999999999998 0.2488674749423873
0.030999999999999996 0.24887057235395757
0.040999999999999995 0.2488744664104548
0.05099999999999999 0.24887880648861618
0.06099999999999999 0.24888330588818036
0.071 0.2488877517581002
0.08099999999999999 0.24889199860180833
0.09099999999999998 0.2488959562996008
0.10099999999999998 0.24889957737348972
0.11099999999999999 0.24890284547906744
0.12099999999999998 0.24890576582093962
0.13099999999999998 0.24890835758060575
0.141 0.24891064817485375
0.15099999999999997 0.24891266906181755
0.16099999999999998 0.24891445279531124
0.17099999999999999 0.24891603105101048
0.18099999999999997 0.24891743338683736
0.19099999999999998 0.24891868654230853
0.20099999999999996 0.24891981412163122
0.21099999999999997 0.24892083654040525
0.22099999999999997 0.24892177114511607
0.23099999999999996 0.24892263243835927
0.24099999999999996 0.24892343236147763
0.25099999999999995 0.2489241806007752
0.26099999999999995 0.24892488489444423
0.27099999999999996 0.24892555132548436
0.28099999999999997 0.24892618459182755
0.291 0.24892678824909548
0.30099999999999993 0.24892736492432788
0.31099999999999994 0.24892791650096846
0.32099999999999995 0.24892844427661695
0.33099999999999996 0.24892894909577604
0.34099999999999997 0.2489294314601743
0.3509999999999999 0.24892989161935436
0.36099999999999993 0.2489303296441615
0.37099999999999994 0.24893074548561192
0.38099999999999995 0.24893113902140793
0.39099999999999996 0.248931510092127
0.4009999999999999 0.24893185852886907
0.4109999999999999 0.248932184173904
0.42099999999999993 0.24893248689564385
0.43099999999999994 0.24893276659905805
0.44099999999999995 0.24893302323247138
0.45099999999999996 0.24893325679152425
0.4609999999999999 0.24893346732094
0.4709999999999999 0.24893365491462324
0.4809999999999999 0.2489338197145172
0.49099999999999994 0.2489339619085614
0.5009999999999999 0.24893408172802275
0.5109999999999999 0.24893417944441526
0.5209999999999999 0.2489342553661773
0.5309999999999999 0.24893430983523232
0.5409999999999999 0.24893434322353572
0.5509999999999999 0.2489343559296762
0.5609999999999999 0.24893434837558762
0.571 0.24893432100340593
0.581 0.24893427427249729
0.5909999999999999 0.2489342086566717
0.6009999999999999 0.24893412464158912
0.6109999999999999 0.24893402272236073
0.6209999999999999 0.24893390340134225
0.6309999999999999 0.2489337671861147
0.6409999999999999 0.24893361458764493
0.6509999999999999 0.24893344611861676
0.6609999999999999 0.24893326229192383
0.6709999999999999 0.24893306361931367
0.6809999999999999 0.24893285061017204
0.691 0.24893262377043873
0.7009999999999998 0.24893238360164432
0.7109999999999999 0.24893213060005745
0.7209999999999999 0.24893186525593528
0.7309999999999999 0.24893158805286694
0.7409999999999999 0.24893129946720305
0.7509999999999999 0.24893099996756332
0.7609999999999999 0.24893069001441437
0.7709999999999999 0.24893037005971375
0.7809999999999999 0.248930040546611
0.7909999999999999 0.24892970190920263
0.8009999999999998 0.2489293545723346
0.8109999999999998 0.2489289989514489
0.8209999999999998 0.2489286354524678
0.8309999999999998 0.24892826447171476
0.8409999999999999 0.2489278863958658
0.8509999999999999 0.2489275016019294
0.8609999999999999 0.24892711045725202
0.8709999999999999 0.24892671331954572
0.8809999999999999 0.24892631053693615
0.8909999999999999 0.2489259024480283
0.9009999999999999 0.24892548938198802
0.9109999999999998 0.24892507165863756
0.9209999999999998 0.24892464958856286
0.9309999999999998 0.24892422347323226
0.9409999999999998 0.24892379360512396
0.9509999999999998 0.24892336026786147
0.9609999999999999 0.24892292373635616
0.9709999999999999 0.24892248427695543
0.9809999999999999 0.24892204214759578
0.9909999999999999 0.24892159759795995
1.0 0.24892119563378987
1.1 0.24891665714344402
1.2000000000000002 0.24891211117602782
1.3000000000000003 0.24890769189390716
1.4000000000000004 0.24890348655484945
1.5000000000000004 0.24889954769882944
1.6000000000000005 0.248895902768362
1.7000000000000006 0.24889256148235392
1.8000000000000007 0.24888952137730763
1.9000000000000008 0.2488867719080821
2.000000000000001 0.248884297441443
2.100000000000001 0.24888207941108284
2.200000000000001 0.24888009784453938
2.300000000000001 0.24887833242390744
2.4000000000000012 0.24887676320345056
2.5000000000000013 0.24887537107693292
2.6000000000000014 0.24887413806419983
2.7000000000000015 0.2488730474687904
2.8000000000000016 0.24887208394493615
2.9000000000000017 0.24887123350219076
3.0000000000000018 0.2488704834683582
3.100000000000002 0.24886982242571756
3.200000000000002 0.2488692401313334
3.300000000000002 0.24886872742910815
3.400000000000002 0.24886827615892784
3.500000000000002 0.24886787906655486
3.6000000000000023 0.2488675297166824
3.7000000000000024 0.24886722241067005
3.8000000000000025 0.2488669521098365
3.9000000000000026 0.24886671436472976
4.000000000000003 0.24886650525048037
4.100000000000003 0.24886632130812716
4.200000000000003 0.2488661594916689
4.3000000000000025 0.24886601712050377
4.400000000000003 0.248865891836875
4.5000000000000036 0.24886578156791944
4.600000000000003 0.24886568449191232
4.700000000000003 0.24886559900831304
4.800000000000003 0.24886552371123732
4.900000000000004 0.2488654573660009
5.0000000000000036 0.24886539888840928
5.100000000000003 0.24886534732649415
5.200000000000004 0.24886530184442346
5.300000000000004 0.24886526170833945
5.400000000000004 0.24886522627390154
5.5000000000000036 0.248865194975338
5.600000000000004 0.24886516731582634
5.700000000000005 0.2488651428590461
5.800000000000004 0.2488651212217643
5.900000000000004 0.24886510206732756
