0.0 0.23931504573314274
0.01 0.23976592692431817
0.02 0.24020960137283814
0.03 0.24064634384955325
0.04 0.2410764112590449
0.05 0.24150004445795958
0.06 0.24191746980523568
0.07 0.24232890049628922
0.08 0.2427345377209671
0.09 0.2431345716761222
0.1 0.2435291824570395
0.11 0.24391854084696113
0.12 0.24430280902017532
0.13 0.2446821411712148
0.14 0.24505668408044307
0.15 0.24542657762452175
0.16 0.24579195523883263
0.17 0.24615294433779175
0.18 0.24650966669807511
0.19 0.24686223880902286
0.2 0.2472107721938786
0.21 0.24755537370500483
0.22 0.2478961457957989
0.23 0.2482331867716729
0.24 0.24856659102216427
0.25 0.24889644923599058
0.26 0.24922284860064298
0.27 0.24954587298793174
0.28 0.2498656031267331
0.29 0.25018211676405383
0.3 0.25049548881540695
0.31 0.2508057915053881
0.32 0.2511130944992556
0.33 0.25141746502622914
0.34 0.2517189679951608
0.35000000000000003 0.25201766610316245
0.36 0.25231361993772367
0.37 0.2526068880728034
0.38 0.25289752715933395
0.39 0.25318559201054003
0.4 0.2534711356824388
0.41000000000000003 0.25375420954985395
0.42 0.2540348633782548
0.43 0.254313145391698
0.44 0.25458910233713355
0.45 0.254862779545313
0.46 0.2551342209885174
0.47000000000000003 0.2554034693353115
0.48 0.25567056600250726
0.49 0.2559355512045133
0.5 0.25619846400022767
0.51 0.25645934233762574
0.52 0.25671822309617814
0.53 0.2569751421272291
0.54 0.2572301342924527
0.55 0.25748323350050034
0.56 0.25773447274193934
0.5700000000000001 0.2579838841225824
0.58 0.2582314988952954
0.59 0.2584773474903691
0.6 0.2587214595445322
0.61 0.2589638639286798
0.62 0.25920458877438607
0.63 0.2594436614992645
0.64 0.2596811088312383
0.65 0.2599169568317748
0.66 0.26015123091813963
0.67 0.26038395588471913
0.68 0.2606151559234584
0.6900000000000001 0.2608448546434592
0.7000000000000001 0.2610730750897795
0.71 0.26129983976147364
0.72 0.2615251706289099
0.73 0.26174908915040057
0.74 0.26197161628817733
0.75 0.2621927725237434
0.76 0.26241257787263
0.77 0.2626310518985874
0.78 0.2628482137272348
0.79 0.2630640820591942
0.8 0.26327867518273246
0.81 0.2634920109859325
0.8200000000000001 0.2637041069684157
0.8300000000000001 0.2639149802526351
0.84 0.264124647594758
0.85 0.2643331253951557
0.86 0.2645404297085184
0.87 0.26474657625361075
0.88 0.26495158042268285
0.89 0.2651554572905515
0.9 0.26535822162336736
0.91 0.2655598878870777
0.92 0.2657604702556001
0.93 0.2659599826187191
0.9400000000000001 0.266158438589714
0.9500000000000001 0.2663558515127325
0.96 0.26655223446991816
0.97 0.266747600288302
0.98 0.26694196154646765
0.99 0.2671353305809995
