0.001 0.1527145806534522
0.011 0.15271464402595883
0.020999999999999998 0.1527148721837349
0.030999999999999996 0.15271528559512418
0.040999999999999995 0.1527158775160008
0.05099999999999999 0.15271663034891872
0.06099999999999999 0.15271752219657442
0.071 0.15271853013672626
0.08099999999999999 0.15271963195231908
0.09099999999999998 0.1527208070297467
0.10099999999999998 0.1527220367803379
0.11099999999999999 0.1527233047817454
0.12099999999999998 0.15272459675519892
0.13099999999999998 0.15272590044952167
0.141 0.15272720547606133
0.15099999999999997 0.15272850312215056
0.16099999999999998 0.15272978616020852
0.17099999999999999 0.15273104866281506
0.18099999999999997 0.15273228582967982
0.19099999999999998 0.15273349382956253
0.20099999999999996 0.15273466965835242
0.21099999999999997 0.1527358110133493
0.22099999999999997 0.15273691618307345
0.23099999999999996 0.15273798395152655
0.24099999999999996 0.15273901351561708
0.25099999999999995 0.15274000441439045
0.26099999999999995 0.1527409564687151
0.27099999999999996 0.15274186973013706
0.28099999999999997 0.15274274443770883
0.291 0.15274358098170554
0.30099999999999993 0.15274437987325173
0.31099999999999994 0.15274514171899636
0.32099999999999995 0.1527458672000758
0.33099999999999996 0.15274655705470477
0.34099999999999997 0.15274721206382372
0.3509999999999999 0.15274783303931075
0.36099999999999993 0.1527484208143389
0.37099999999999994 0.15274897623552014
0.38099999999999995 0.15274950015653405
0.39099999999999996 0.15274999343298457
0.4009999999999999 0.15275045691827083
0.4109999999999999 0.15275089146029117
0.42099999999999993 0.15275129789883068
0.43099999999999994 0.152751677063507
0.44099999999999995 0.15275202977217134
0.45099999999999996 0.15275235682967814
0.4609999999999999 0.1527526590269542
0.4709999999999999 0.15275293714030835
0.4809999999999999 0.15275319193093514
0.49099999999999994 0.1527534241445737
0.5009999999999999 0.1527536345112905
0.5109999999999999 0.1527538237453605
0.5209999999999999 0.15275399254522715
0.5309999999999999 0.1527541415935231
0.5409999999999999 0.15275427155714066
0.5509999999999999 0.1527543830873397
0.5609999999999999 0.15275447681988583
0.571 0.15275455337521143
0.581 0.1527546133585953
0.5909999999999999 0.15275465736035612
0.6009999999999999 0.15275468595605657
0.6109999999999999 0.15275469970671637
0.6209999999999999 0.15275469915903112
0.6309999999999999 0.15275468484559654
0.6409999999999999 0.15275465728513632
0.6509999999999999 0.15275461698273282
0.6609999999999999 0.15275456443005977
0.6709999999999999 0.15275450010561692
0.6809999999999999 0.15275442447496518
0.691 0.15275433799096286
0.7009999999999998 0.15275424109400243
0.7109999999999999 0.15275413421224673
0.7209999999999999 0.1527540177618659
0.7309999999999999 0.15275389214727303
0.7409999999999999 0.15275375776136
0.7509999999999999 0.1527536149857321
0.7609999999999999 0.1527534641909416
0.7709999999999999 0.1527533057367207
0.7809999999999999 0.15275313997221257
0.7909999999999999 0.1527529672362012
0.8009999999999998 0.15275278785733923
0.8109999999999998 0.1527526021543748
0.8209999999999998 0.1527524104363752
0.8309999999999998 0.15275221300294942
0.8409999999999999 0.15275201014446793
0.8509999999999999 0.15275180214228012
0.8609999999999999 0.15275158926892932
0.8709999999999999 0.152751371788365
0.8809999999999999 0.1527511499561525
0.8909999999999999 0.15275092401967946
0.9009999999999999 0.15275069421835974
0.9109999999999998 0.15275046078383414
0.9209999999999998 0.15275022394016782
0.9309999999999998 0.15274998390404484
0.9409999999999998 0.15274974088495938
0.9509999999999998 0.15274949508540345
0.9609999999999999 0.15274924670105167
0.9709999999999999 0.15274899592094227
0.9809999999999999 0.15274874292765514
0.9909999999999999 0.15274848789748594
1.0 0.15274825676957918
1.1 0.15274561951901525
1.2000000000000002 0.152742942300833
1.3000000000000003 0.1527403178973544
1.4000000000000004 0.15273780671381076
1.5000000000000004 0.15273544564374203
1.6000000000000005 0.1527332547729653
1.7000000000000006 0.15273124238569763
1.8000000000000007 0.15272940866445836
1.9000000000000008 0.15272774839874773
2.000000000000001 0.152726252948768
2.100000000000001 0.1527249116533917
2.200000000000001 0.15272371282612518
2.300000000000001 0.15272264444744438
2.4000000000000012 0.1527216946347658
2.5000000000000013 0.15272085195071547
2.6000000000000014 0.15272010559480997
2.7000000000000015 0.1527194455119731
2.8000000000000016 0.15271886244255276
2.9000000000000017 0.15271834793195482
3.0000000000000018 0.15271789431312888
3.100000000000002 0.1527174946715055
3.200000000000002 0.15271714279929105
3.300000000000002 0.15271683314402762
3.400000000000002 0.15271656075485662
3.500000000000002 0.15271632122884346
3.6000000000000023 0.1527161106589322
3.7000000000000024 0.15271592558452862
3.8000000000000025 0.1527157629453
3.9000000000000026 0.1527156200384888
4.000000000000003 0.15271549447983498
4.100000000000003 0.15271538416806404
4.200000000000003 0.15271528725280692
4.3000000000000025 0.15271520210576028
4.400000000000003 0.1527151272948644
4.5000000000000036 0.15271506156126077
4.600000000000003 0.1527150037987876
4.700000000000003 0.15271495303577723
4.800000000000003 0.15271490841892982
4.900000000000004 0.15271486919905086
5.0000000000000036 0.15271483471845537
5.100000000000003 0.15271480439985796
5.200000000000004 0.1527147777365841
5.300000000000004 0.1527147542839531
5.400000000000004 0.15271473365169796
5.5000000000000036 0.15271471549730312
5.600000000000004 0.15271469952015027
5.700000000000005 0.152714685456378
5.800000000000004 0.15271467307436978
5.900000000000004 0.15271466217079396
